MatLab_Code/img_model_for.grd
DSAA
101 101
-2500 2500
-2500 2500
-0.481738 2.95914
[rows 54 to 80 of 101, columns 0 to 60 of 101]
-0.239361 -0.224666 -0.211074 -0.196814 -0.182101 -0.166132 -0.14938 -0.131165 -0.111847 -0.0908937 -0.0686008 -0.0445279 -0.0189339 0.00854802 0.0376808 0.0687634 0.101561 0.136304 0.172739 0.211017 0.250854 0.292314 0.335061 0.379056 0.423886 0.469389 0.515066 0.560632 0.605509 0.649326 0.691431 0.731414 0.768608 0.80263 0.832872 0.859004 0.880581 0.897407 0.909191 0.915939 0.917571 0.914287 0.906192 0.89368 0.877021 0.85677 0.833314 0.807302 0.779197 0.749685 0.719231 0.688501 0.657925 0.62811 0.599392 0.572302 0.547082 0.524169 0.503698 0.486027 0.471206
-0.246514 -0.232218 -0.218935 -0.205032 -0.190659 -0.175089 -0.158761 -0.141038 -0.122264 -0.101936 -0.0803428 -0.0570692 -0.0323717 -0.0059005 0.0221054 0.0519307 0.0833422 0.116557 0.151329 0.187803 0.225698 0.265085 0.305623 0.347297 0.389689 0.432678 0.475762 0.518708 0.560934 0.602127 0.641655 0.679163 0.713993 0.7458 0.774 0.798334 0.81833 0.833864 0.844643 0.85071 0.851963 0.848637 0.840826 0.828923 0.813161 0.79408 0.772023 0.747597 0.721226 0.693529 0.664941 0.63605 0.607267 0.579116 0.551928 0.526163 0.50206 0.479986 0.460098 0.442683 0.427812
-0.253859 -0.239942 -0.227007 -0.213416 -0.199396 -0.184212 -0.168309 -0.151069 -0.132833 -0.113124 -0.0922253 -0.0697435 -0.0459313 -0.0204611 0.00643209 0.0350187 0.0650649 0.0967807 0.129923 0.164632 0.20064 0.238007 0.276421 0.315855 0.355931 0.396517 0.437163 0.477631 0.5174 0.556154 0.593312 0.6285 0.66114 0.690889 0.717204 0.739816 0.758306 0.772553 0.78232 0.787626 0.78843 0.784939 0.777279 0.765811 0.750777 0.732692 0.711872 0.688872 0.664077 0.638068 0.611212 0.584085 0.557 0.530473 0.50476 0.480324 0.457332 0.436159 0.416898 0.39985 0.38503
-0.261362 -0.247846 -0.235209 -0.221958 -0.208259 -0.193454 -0.177955 -0.161184 -0.14347 -0.124362 -0.104138 -0.0824276 -0.0594781 -0.0349841 -0.00917142 0.0182056 0.0469303 0.0771891 0.108758 0.141765 0.175956 0.211397 0.247785 0.285109 0.323003 0.361365 0.399751 0.437966 0.475496 0.512047 0.547059 0.580197 0.610871 0.638753 0.663334 0.684364 0.701423 0.714424 0.723125 0.727606 0.727825 0.724014 0.7163 0.705065 0.690558 0.673235 0.653435 0.631655 0.608252 0.583751 0.558483 0.532951 0.507465 0.482463 0.45819 0.435025 0.413152 0.392874 0.374303 0.357671 0.343023
-0.268973 -0.255823 -0.243515 -0.230547 -0.217172 -0.20272 -0.187613 -0.171288 -0.154077 -0.135546 -0.115973 -0.0950044 -0.0728896 -0.0493343 -0.0245681 0.00165033 0.0290968 0.0579639 0.0880214 0.119407 0.151874 0.185495 0.219987 0.255346 0.291239 0.327571 0.363936 0.400144 0.435714 0.470359 0.503545 0.53492 0.563911 0.590202 0.613258 0.632837 0.648565 0.660331 0.667944 0.671482 0.670959 0.666619 0.658631 0.647374 0.633112 0.616302 0.597242 0.576444 0.5542 0.531003 0.507134 0.483064 0.459031 0.435454 0.412517 0.39059 0.369789 0.350426 0.332549 0.316412 0.301996
-0.276645 -0.263874 -0.251837 -0.239175 -0.22608 -0.211963 -0.197212 -0.181309 -0.164566 -0.146579 -0.127618 -0.107356 -0.0860272 -0.0633669 -0.0395891 -0.0144778 0.0117633 0.0393026 0.0679377 0.0977909 0.128645 0.160568 0.193311 0.226881 0.260975 0.295515 0.33013 0.364642 0.398588 0.431692 0.463413 0.493398 0.521073 0.546064 0.567866 0.586197 0.600679 0.611232 0.617676 0.620126 0.618641 0.61351 0.60494 0.593329 0.578987 0.562347 0.543743 0.523616 0.50228 0.480139 0.457468 0.43466 0.411938 0.389645 0.367961 0.347177 0.327421 0.30893 0.291778 0.276145 0.262052
-0.284314 -0.271887 -0.260148 -0.247723 -0.234904 -0.221085 -0.20667 -0.191149 -0.174841 -0.157357 -0.138968 -0.119357 -0.0987696 -0.0769412 -0.0540964 -0.0300181 -0.00491786 0.0213833 0.0486783 0.0771081 0.10646 0.136828 0.167981 0.199955 0.232473 0.265494 0.29867 0.331848 0.364574 0.396576 0.427296 0.456353 0.483129 0.507231 0.528084 0.545388 0.558761 0.5681 0.573273 0.574446 0.571707 0.565429 0.555876 0.543524 0.528677 0.511846 0.493308 0.473545 0.452789 0.431456 0.409742 0.388016 0.366421 0.345292 0.32473 0.305027 0.286237 0.268613 0.252158 0.237082 0.223335
-0.291927 -0.279857 -0.268349 -0.256183 -0.243586 -0.23004 -0.215911 -0.200737 -0.184813 -0.167783 -0.149904 -0.130891 -0.11097 -0.0899109 -0.0679166 -0.0448001 -0.0207458 0.0043995 0.0304619 0.0575686 0.0855502 0.114499 0.144241 0.174819 0.20602 0.237812 0.269914 0.302166 0.334162 0.365584 0.395875 0.424574 0.451023 0.47471 0.495028 0.511585 0.523986 0.532094 0.535842 0.535421 0.531047 0.523148 0.512121 0.498481 0.482648 0.465124 0.446256 0.426446 0.405964 0.385127 0.364134 0.343251 0.322626 0.302489 0.28295 0.26421 0.246343 0.229517 0.213769 0.199229 0.185897
-0.299429 -0.287671 -0.276417 -0.264432 -0.252047 -0.238727 -0.224855 -0.209973 -0.194386 -0.177746 -0.160319 -0.141825 -0.122503 -0.102121 -0.0809001 -0.0586454 -0.0355551 -0.0114598 0.0134619 0.0393667 0.0660893 0.0937748 0.122265 0.151668 0.181804 0.21271 0.244126 0.275955 0.307775 0.339283 0.36984 0.398928 0.425738 0.449671 0.469944 0.486116 0.497681 0.504547 0.506614 0.504232 0.49766 0.487541 0.474339 0.458778 0.441306 0.422546 0.402808 0.382549 0.361944 0.341319 0.320762 0.300531 0.280667 0.261401 0.242737 0.224894 0.207852 0.19181 0.176717 0.16275 0.149825
-0.306787 -0.295337 -0.284255 -0.272468 -0.260236 -0.247107 -0.233428 -0.218789 -0.203466 -0.187152 -0.170088 -0.152032 -0.133203 -0.11341 -0.0928487 -0.0713626 -0.0491199 -0.0259822 -0.00208263 0.0227151 0.0483159 0.0748572 0.102275 0.130693 0.160046 0.190394 0.221591 0.253539 0.285893 0.318273 0.350019 0.380415 0.408533 0.433505 0.454432 0.470634 0.481584 0.487091 0.487187 0.482228 0.472763 0.459535 0.443318 0.424926 0.405057 0.384318 0.363154 0.341915 0.320817 0.300042 0.279683 0.259853 0.240598 0.222016 0.20414 0.187064 0.170807 0.155461 0.141032 0.127593 0.115128
-0.313952 -0.302746 -0.29185 -0.280171 -0.268075 -0.255081 -0.241555 -0.227085 -0.211963 -0.195878 -0.179093 -0.16136 -0.142924 -0.123587 -0.103577 -0.0827249 -0.0612298 -0.0389261 -0.0159617 0.00784372 0.0324057 0.0579376 0.0844067 0.11205 0.140856 0.171023 0.202457 0.235201 0.268888 0.303184 0.33724 0.370212 0.400817 0.427952 0.450348 0.467187 0.477712 0.481774 0.479374 0.471128 0.457718 0.440283 0.419818 0.397521 0.37419 0.350675 0.327341 0.304622 0.28256 0.261341 0.240877 0.221275 0.202422 0.184429 0.167187 0.15083 0.135252 0.120597 0.10676 0.0938832 0.0818481
-0.320884 -0.309911 -0.299108 -0.287556 -0.275524 -0.262622 -0.249167 -0.234801 -0.219777 -0.20383 -0.18719 -0.169665 -0.151463 -0.132451 -0.112822 -0.092477 -0.0715705 -0.0499992 -0.0278516 -0.00497404 0.0186442 0.0432196 0.0688641 0.0958527 0.124359 0.15466 0.18688 0.221112 0.257168 0.294602 0.332515 0.369659 0.404407 0.4351 0.46014 0.478295 0.48871 0.491086 0.48559 0.472945 0.454266 0.431016 0.40476 0.37701 0.349001 0.32161 0.295368 0.270511 0.247094 0.225051 0.204281 0.184668 0.166109 0.148533 0.131872 0.116102 0.101183 0.087123 0.0738956 0.061518 0.0499596
-0.32752 -0.316719 -0.306025 -0.294503 -0.282516 -0.269633 -0.256199 -0.241836 -0.22682 -0.210871 -0.19425 -0.17675 -0.158626 -0.139735 -0.120319 -0.100279 -0.0798252 -0.0588336 -0.0374258 -0.0153898 0.0072939 0.0309627 0.0557819 0.0822157 0.110545 0.141305 0.174763 0.211325 0.250867 0.293072 0.336738 0.380251 0.421255 0.45743 0.486502 0.506894 0.517478 0.517946 0.508474 0.490094 0.464268 0.433138 0.398911 0.363839 0.329492 0.297072 0.266972 0.23943 0.21417 0.191074 0.169731 0.150005 0.131566 0.114361 0.0981454 0.0829507 0.0685865 0.0551363 0.0424395 0.0306004 0.0194723
-0.333842 -0.323192 -0.312517 -0.301045 -0.289022 -0.27611 -0.26259 -0.248145 -0.232989 -0.216909 -0.200101 -0.182441 -0.164137 -0.145143 -0.125671 -0.105728 -0.0855018 -0.0649632 -0.0441783 -0.0229802 -0.0012299 0.0214376 0.045391 0.0711934 0.0994143 0.130769 0.165936 0.205554 0.249921 0.298749 0.350673 0.403333 0.453413 0.497424 0.532335 0.555987 0.567123 0.565312 0.550876 0.524968 0.489638 0.447808 0.402852 0.357953 0.31541 0.276543 0.241756 0.210885 0.183501 0.159051 0.137047 0.117038 0.0986926 0.0817293 0.0659573 0.0512271 0.037431 0.0244956 0.0123584 0.000988318 -0.00966079
-0.339819 -0.329226 -0.318599 -0.30708 -0.295001 -0.281971 -0.2683 -0.253627 -0.238208 -0.221783 -0.20459 -0.186479 -0.167723 -0.148274 -0.128444 -0.108259 -0.0880275 -0.0677234 -0.0475038 -0.0271267 -0.00645401 0.015064 0.0378928 0.0628813 0.0907872 0.122751 0.159775 0.203121 0.253499 0.311029 0.374174 0.439603 0.502344 0.557142 0.599829 0.627816 0.639818 0.635434 0.614964 0.579587 0.531793 0.475643 0.416291 0.358591 0.305737 0.259172 0.218878 0.184347 0.154555 0.128725 0.105933 0.0856732 0.0673236 0.0506354 0.0352124 0.0209781 0.00765931 -0.00472138 -0.0163752 -0.0272278 -0.0374561
-0.345369 -0.33488 -0.324219 -0.312672 -0.300447 -0.287246 -0.273282 -0.258278 -0.242378 -0.225407 -0.207515 -0.188648 -0.169015 -0.148709 -0.128032 -0.107202 -0.0865521 -0.0662614 -0.0464661 -0.0270223 -0.00761937 0.0123506 0.0336659 0.0573345 0.084535 0.116686 0.155438 0.202616 0.259824 0.327845 0.405502 0.488355 0.56832 0.63719 0.689368 0.722389 0.735416 0.728338 0.701158 0.654606 0.591038 0.51595 0.437459 0.363546 0.298496 0.243293 0.197212 0.158882 0.1268 0.0995753 0.0761339 0.0555873 0.0373264 0.0208489 0.00583704 -0.0079827 -0.0207751 -0.0326868 -0.0438085 -0.0542179 -0.0639697
-0.350515 -0.340088 -0.329435 -0.317752 -0.305361 -0.291869 -0.277538 -0.261999 -0.245446 -0.22762 -0.208722 -0.188631 -0.167657 -0.145861 -0.123748 -0.101586 -0.0800233 -0.0593164 -0.0398701 -0.0214573 -0.00378753 0.0140908 0.0331157 0.0547368 0.0803604 0.11194 0.151545 0.201884 0.265542 0.3447 0.439335 0.543426 0.644592 0.730062 0.792826 0.831137 0.845267 0.835463 0.801363 0.742562 0.660695 0.56265 0.46112 0.36837 0.290277 0.226634 0.175188 0.133582 0.09951 0.0712576 0.0472856 0.0266673 0.00850442 -0.00763716 -0.0222863 -0.0356109 -0.047948 -0.0593266 -0.0699894 -0.0798931 -0.0892337
-0.355306 -0.344972 -0.334217 -0.322427 -0.309759 -0.295928 -0.28105 -0.264848 -0.247355 -0.228398 -0.208031 -0.186231 -0.163192 -0.13916 -0.114638 -0.0902671 -0.0668739 -0.0452264 -0.0258729 -0.00881715 0.00651788 0.0212779 0.0369647 0.0552959 0.0781705 0.107768 0.146716 0.198256 0.266053 0.353894 0.463062 0.586563 0.706985 0.807149 0.878679 0.921117 0.935929 0.923885 0.884068 0.814867 0.716627 0.597543 0.47472 0.365428 0.276525 0.206456 0.151199 0.107349 0.0721073 0.0432495 0.0191592 -0.00140088 -0.0192532 -0.0350572 -0.049224 -0.062106 -0.0739077 -0.0848266 -0.0949664 -0.104441 -0.113306
-0.359784 -0.349467 -0.338662 -0.326645 -0.313697 -0.299383 -0.283881 -0.26677 -0.24813 -0.22763 -0.205374 -0.181155 -0.155282 -0.127868 -0.0997332 -0.0716797 -0.0452163 -0.0216167 -0.00209181 0.0132282 0.0250863 0.0353258 0.0459723 0.0594246 0.077811 0.103655 0.139655 0.189358 0.256793 0.346464 0.460364 0.590825 0.718603 0.823975 0.898343 0.941799 0.956403 0.94307 0.900715 0.827096 0.721975 0.593753 0.462021 0.345862 0.25274 0.180345 0.123861 0.0794712 0.0440465 0.015334 -0.0085245 -0.0286652 -0.0461136 -0.0613893 -0.0750852 -0.0874093 -0.0987322 -0.109108 -0.118793 -0.127763 -0.136226
-0.363982 -0.353713 -0.342757 -0.330568 -0.317213 -0.302395 -0.286069 -0.267925 -0.247806 -0.225449 -0.200689 -0.17338 -0.143542 -0.111465 -0.0778919 -0.0442047 -0.0125904 0.0144533 0.0347503 0.0476185 0.0543557 0.0577957 0.0611689 0.0675227 0.079436 0.0993341 0.129846 0.174099 0.235671 0.318231 0.422909 0.542578 0.659759 0.757152 0.826375 0.866886 0.880089 0.866737 0.825883 0.755892 0.6571 0.537696 0.414761 0.305551 0.216914 0.147274 0.0926172 0.0495188 0.0151496 -0.0127572 -0.035835 -0.0553451 -0.0721162 -0.0868327 -0.0999045 -0.111712 -0.122456 -0.132358 -0.141513 -0.15006 -0.158046
-0.367974 -0.357676 -0.346638 -0.334158 -0.320432 -0.304958 -0.28777 -0.268342 -0.246573 -0.221905 -0.194189 -0.162889 -0.128034 -0.089557 -0.0484139 -0.00630702 0.0334426 0.0664567 0.0884912 0.0978719 0.0968259 0.090238 0.083247 0.0799391 0.0830647 0.0949228 0.117499 0.153192 0.204352 0.272926 0.358581 0.45502 0.549704 0.629691 0.687854 0.722336 0.733292 0.720887 0.684716 0.624335 0.541385 0.442696 0.34095 0.248375 0.170823 0.108056 0.0578383 0.0177532 -0.014567 -0.0409112 -0.0628522 -0.0813601 -0.0973574 -0.111309 -0.123767 -0.134928 -0.145149 -0.154483 -0.163181 -0.171222 -0.178811
-0.371808 -0.361535 -0.350317 -0.337627 -0.323408 -0.307312 -0.289095 -0.268337 -0.244616 -0.217404 -0.186119 -0.150175 -0.109035 -0.0625046 -0.0112226 0.0427451 0.0950355 0.138285 0.163815 0.167886 0.154715 0.133522 0.112412 0.0965325 0.0887073 0.0906236 0.103529 0.128631 0.16702 0.219111 0.28328 0.35469 0.424975 0.485684 0.531018 0.558348 0.566658 0.555711 0.525457 0.476579 0.411397 0.335365 0.256577 0.182957 0.118742 0.0649116 0.020732 -0.0152862 -0.0447203 -0.0690693 -0.0894437 -0.10681 -0.121793 -0.134972 -0.14667 -0.157236 -0.166831 -0.175671 -0.183829 -0.19145 -0.198565
-0.375565 -0.365256 -0.353955 -0.34095 -0.326333 -0.309494 -0.290309 -0.268057 -0.242364 -0.212284 -0.177186 -0.135903 -0.08765 -0.0315279 0.0322138 0.101895 0.1724 0.231464 0.263028 0.259185 0.228238 0.186688 0.147432 0.116365 0.0957845 0.0865448 0.0887731 0.102638 0.127971 0.164203 0.209335 0.259542 0.309432 0.353413 0.387036 0.40747 0.413229 0.403768 0.379282 0.34088 0.290996 0.233648 0.173942 0.116686 0.0650467 0.0204204 -0.0172659 -0.0486643 -0.0748992 -0.09686 -0.115532 -0.131504 -0.145454 -0.157692 -0.16867 -0.17852 -0.187559 -0.195808 -0.203508 -0.210623 -0.217349
-0.379292 -0.369025 -0.357562 -0.344373 -0.329267 -0.311823 -0.291588 -0.267955 -0.240158 -0.20727 -0.16811 -0.121334 -0.065401 0.00105403 0.0786816 0.166833 0.25963 0.33913 0.378659 0.36493 0.311545 0.245517 0.185309 0.137499 0.103294 0.0823652 0.0738447 0.0767608 0.0900978 0.112517 0.142023 0.17565 0.209685 0.240204 0.263806 0.27804 0.281416 0.273331 0.253971 0.224389 0.186559 0.143342 0.0980615 0.0538654 0.0130077 -0.0233111 -0.0547505 -0.0816577 -0.104538 -0.124104 -0.140887 -0.15548 -0.168245 -0.179595 -0.189735 -0.198948 -0.207332 -0.215083 -0.22224 -0.228943 -0.235203
-0.383071 -0.3728 -0.361312 -0.347871 -0.332458 -0.314366 -0.293289 -0.268273 -0.238626 -0.202961 -0.160029 -0.107837 -0.0445256 0.0320652 0.12333 0.229629 0.344489 0.444071 0.491668 0.467944 0.392471 0.302209 0.221409 0.15714 0.109559 0.0773669 0.0586617 0.0516843 0.0545769 0.0656686 0.0828227 0.103732 0.125561 0.145551 0.161044 0.170121 0.171403 0.164377 0.149084 0.126404 0.0977177 0.0650806 0.0306522 -0.0033954 -0.0355687 -0.0647963 -0.090798 -0.113493 -0.133277 -0.15041 -0.165405 -0.178513 -0.19017 -0.200524 -0.20991 -0.218384 -0.226206 -0.233366 -0.240073 -0.246279 -0.252163
-0.386936 -0.37677 -0.365202 -0.3517 -0.33595 -0.31746 -0.295582 -0.269524 -0.238181 -0.20024 -0.153909 -0.0970937 -0.0272486 0.0581106 0.160997 0.282131 0.414298 0.52916 0.582484 0.551142 0.458433 0.348762 0.250781 0.172197 0.112759 0.0704953 0.0428728 0.0273416 0.0216598 0.0236748 0.0314045 0.0426791 0.0553846 0.0673143 0.0765642 0.0814865 0.0810638 0.0747029 0.0624878 0.0449084 0.0230418 -0.00182167 -0.0281312 -0.0545357 -0.0798503 -0.103402 -0.124733 -0.143832 -0.160721 -0.175682 -0.188885 -0.200652 -0.211133 -0.220602 -0.229151 -0.236993 -0.244168 -0.250843 -0.257021 -0.262831 -0.268264
-0.39096 -0.380864 -0.369396 -0.355801 -0.339977 -0.321135 -0.298829 -0.271916 -0.239451 -0.199686 -0.1509 -0.0904516 -0.0157346 0.0762449 0.187611 0.318866 0.462146 0.586237 0.642715 0.606409 0.502587 0.379816 0.269513 0.179942 0.111041 0.0606583 0.025713 0.00335608 -0.00918752 -0.0140816 -0.0135269 -0.00931227 -0.00339591 0.00263396 0.0071166 0.00893539 0.00708364 0.00121323 -0.00884604 -0.0226331 -0.0395973 -0.0587187 -0.0791096 -0.0997011 -0.119815 -0.13877 -0.15635 -0.172297 -0.186738 -0.199649 -0.211288 -0.2217 -0.231151 -0.239672 -0.247502 -0.254633 -0.261272 -0.267377 -0.273129 -0.278461 -0.283539
