MatLab_Code/img_model_for.grd
DSAA
101 101
-2500 2500
-2500 2500
-0.481738 2.95914
[rows 0 to 26 of 101, columns 0 to 60 of 101]
-0.389263 -0.386189 -0.385282 -0.384255 -0.383856 -0.383157 -0.382765 -0.381995 -0.381323 -0.380246 -0.379142 -0.377622 -0.376005 -0.373982 -0.371831 -0.369299 -0.36663 -0.363614 -0.360469 -0.35702 -0.353465 -0.349654 -0.345771 -0.341685 -0.337571 -0.333309 -0.329062 -0.324722 -0.320438 -0.316105 -0.311863 -0.307608 -0.303467 -0.299337 -0.295333 -0.29135 -0.287492 -0.283651 -0.279922 -0.276198 -0.272568 -0.268924 -0.265353 -0.261745 -0.258184 -0.254566 -0.250976 -0.247308 -0.243653 -0.239898 -0.236145 -0.232274 -0.228397 -0.22439 -0.220372 -0.216224 -0.21207 -0.207794 -0.203529 -0.199163 -0.194839
-0.383078 -0.380435 -0.379529 -0.378468 -0.377839 -0.376928 -0.37627 -0.375221 -0.374269 -0.372867 -0.371462 -0.369585 -0.367645 -0.365238 -0.362744 -0.359805 -0.356775 -0.353335 -0.349814 -0.34593 -0.341987 -0.337738 -0.333465 -0.328946 -0.324447 -0.319766 -0.31515 -0.310413 -0.305783 -0.301085 -0.296531 -0.29195 -0.287538 -0.28313 -0.278905 -0.274697 -0.270671 -0.266662 -0.26282 -0.258983 -0.255292 -0.251589 -0.248004 -0.244381 -0.240848 -0.237253 -0.233723 -0.230112 -0.226538 -0.222864 -0.219202 -0.215427 -0.211642 -0.207732 -0.203804 -0.199744 -0.195668 -0.191467 -0.187264 -0.182957 -0.178677
-0.37673 -0.373838 -0.373041 -0.371807 -0.371085 -0.369928 -0.369074 -0.367748 -0.366532 -0.364832 -0.363117 -0.360916 -0.358627 -0.355871 -0.352993 -0.34968 -0.346239 -0.342404 -0.338452 -0.334155 -0.329768 -0.325095 -0.320371 -0.315426 -0.31048 -0.305379 -0.300332 -0.295193 -0.290157 -0.285087 -0.280162 -0.275247 -0.270511 -0.265817 -0.261321 -0.256884 -0.252646 -0.248467 -0.244476 -0.24053 -0.236751 -0.232996 -0.229376 -0.225751 -0.222229 -0.218672 -0.215188 -0.211642 -0.208143 -0.20455 -0.20098 -0.197291 -0.1936 -0.189771 -0.185924 -0.18193 -0.177917 -0.17376 -0.169595 -0.165306 -0.161042
-0.370283 -0.367287 -0.366232 -0.364947 -0.363939 -0.362599 -0.361465 -0.359888 -0.358362 -0.356356 -0.354302 -0.351754 -0.349095 -0.345954 -0.342677 -0.338948 -0.335084 -0.330807 -0.326412 -0.321655 -0.31681 -0.311663 -0.306475 -0.301054 -0.295645 -0.290079 -0.284581 -0.278998 -0.273537 -0.268055 -0.26274 -0.257458 -0.252378 -0.247371 -0.242587 -0.237896 -0.233435 -0.229068 -0.224921 -0.220856 -0.216985 -0.213173 -0.209522 -0.205897 -0.202395 -0.198883 -0.195461 -0.191995 -0.188579 -0.185088 -0.181611 -0.178026 -0.174426 -0.17069 -0.166918 -0.162995 -0.159027 -0.154909 -0.150755 -0.146472 -0.142183
-0.363741 -0.360431 -0.359259 -0.35769 -0.356508 -0.354892 -0.353512 -0.351633 -0.349812 -0.347475 -0.345068 -0.34215 -0.3391 -0.33556 -0.33186 -0.327703 -0.323383 -0.31865 -0.313773 -0.308538 -0.303191 -0.297552 -0.291852 -0.285933 -0.280014 -0.273955 -0.267962 -0.261904 -0.255973 -0.250047 -0.244305 -0.238621 -0.233167 -0.227812 -0.222714 -0.217739 -0.213032 -0.208452 -0.204132 -0.199925 -0.195952 -0.192065 -0.188377 -0.184738 -0.181255 -0.17778 -0.174416 -0.17102 -0.167692 -0.164286 -0.160906 -0.157407 -0.153894 -0.150225 -0.146513 -0.142625 -0.138679 -0.134553 -0.130378 -0.126038 -0.121685
-0.357143 -0.353624 -0.352105 -0.350343 -0.348861 -0.346982 -0.345289 -0.343089 -0.340919 -0.338208 -0.335427 -0.332095 -0.328641 -0.324652 -0.320513 -0.315868 -0.311079 -0.305828 -0.300454 -0.294676 -0.28881 -0.282614 -0.276382 -0.269902 -0.263451 -0.256839 -0.250323 -0.243735 -0.237309 -0.23089 -0.224689 -0.218566 -0.212705 -0.206975 -0.201537 -0.196259 -0.191285 -0.18648 -0.181972 -0.177619 -0.173538 -0.16958 -0.165855 -0.162213 -0.158754 -0.15533 -0.152037 -0.148728 -0.145495 -0.142193 -0.138913 -0.135512 -0.132082 -0.128486 -0.124821 -0.120959 -0.117011 -0.112855 -0.108619 -0.104191 -0.0997156
-0.350476 -0.346593 -0.344844 -0.342738 -0.340998 -0.338805 -0.336803 -0.33426 -0.331722 -0.328638 -0.32544 -0.321704 -0.317793 -0.313364 -0.308721 -0.3036 -0.298267 -0.292506 -0.286555 -0.280237 -0.273771 -0.267014 -0.260169 -0.253116 -0.246051 -0.238867 -0.231755 -0.22461 -0.217618 -0.210674 -0.203959 -0.197358 -0.191048 -0.184903 -0.179087 -0.173473 -0.168203 -0.163146 -0.158429 -0.153911 -0.149706 -0.145666 -0.141897 -0.138245 -0.134809 -0.131434 -0.128211 -0.124988 -0.121853 -0.11865 -0.115468 -0.112155 -0.108799 -0.105255 -0.101615 -0.0977454 -0.0937586 -0.0895233 -0.0851723 -0.080588 -0.075921
-0.343763 -0.339601 -0.337467 -0.335087 -0.33299 -0.330468 -0.328103 -0.325184 -0.32226 -0.318745 -0.31513 -0.310913 -0.306543 -0.301585 -0.29645 -0.290758 -0.284893 -0.278521 -0.272002 -0.265042 -0.257979 -0.250558 -0.243097 -0.235372 -0.227685 -0.219836 -0.212108 -0.204324 -0.196742 -0.189205 -0.181942 -0.174809 -0.168013 -0.161413 -0.155192 -0.149209 -0.143624 -0.138294 -0.133357 -0.128663 -0.124333 -0.120212 -0.116404 -0.112752 -0.109349 -0.106037 -0.102901 -0.0997806 -0.0967571 -0.0936685 -0.0905957 -0.0873774 -0.0840978 -0.0806005 -0.0769788 -0.0730869 -0.069034 -0.0646869 -0.0601726 -0.0553759 -0.0504472
-0.336993 -0.332434 -0.330004 -0.327233 -0.324816 -0.321917 -0.319185 -0.315871 -0.312523 -0.308583 -0.304485 -0.299803 -0.294898 -0.289429 -0.283711 -0.277467 -0.270971 -0.264005 -0.256812 -0.249218 -0.241449 -0.233364 -0.225177 -0.216773 -0.208354 -0.199826 -0.191381 -0.182934 -0.174672 -0.166508 -0.158621 -0.150921 -0.143578 -0.136488 -0.129809 -0.12343 -0.117491 -0.111868 -0.106684 -0.101804 -0.0973345 -0.0931275 -0.0892785 -0.0856298 -0.0822664 -0.0790251 -0.0759834 -0.0729761 -0.070072 -0.067105 -0.064143 -0.0610196 -0.0578065 -0.0543432 -0.0507138 -0.0467659 -0.0426018 -0.0380843 -0.0333358 -0.0282439 -0.0229572
-0.330183 -0.32529 -0.322445 -0.319346 -0.316522 -0.313236 -0.310083 -0.306338 -0.302546 -0.298113 -0.293537 -0.288303 -0.282873 -0.276797 -0.270504 -0.263599 -0.256481 -0.248804 -0.240944 -0.232598 -0.224124 -0.215256 -0.206337 -0.197133 -0.187971 -0.178646 -0.169466 -0.160248 -0.15128 -0.142396 -0.133858 -0.125511 -0.117589 -0.109946 -0.102787 -0.0959632 -0.0896545 -0.0837064 -0.0782706 -0.0731881 -0.0685848 -0.0642917 -0.0604149 -0.0567801 -0.0534781 -0.050327 -0.0474066 -0.0445327 -0.0417753 -0.0389491 -0.0361194 -0.0331022 -0.0299665 -0.0265338 -0.0228878 -0.0188577 -0.0145472 -0.00980509 -0.00475874 0.000714947 0.00645703
-0.323324 -0.318005 -0.314814 -0.311289 -0.308089 -0.304374 -0.300798 -0.296598 -0.292322 -0.287401 -0.282275 -0.276507 -0.270464 -0.263799 -0.256831 -0.24928 -0.241428 -0.233053 -0.224408 -0.215315 -0.206009 -0.196353 -0.186572 -0.176557 -0.166524 -0.156383 -0.146343 -0.136331 -0.126542 -0.116908 -0.107613 -0.0985893 -0.0900026 -0.0817773 -0.0740659 -0.0667753 -0.0600428 -0.0537556 -0.0480348 -0.042745 -0.0379897 -0.0336171 -0.0297116 -0.0261069 -0.0228728 -0.0198351 -0.0170506 -0.0143354 -0.0117401 -0.00907536 -0.00638622 -0.00348536 -0.000422253 0.0029869 0.00667828 0.0108241 0.0153398 0.0203727 0.0258117 0.0317724 0.038104
-0.31643 -0.310734 -0.307106 -0.3032 -0.299556 -0.295401 -0.291353 -0.286662 -0.281882 -0.276405 -0.270731 -0.264338 -0.25769 -0.250331 -0.242699 -0.234386 -0.225808 -0.216607 -0.207176 -0.197202 -0.187061 -0.176483 -0.165829 -0.154865 -0.143939 -0.132849 -0.121926 -0.11099 -0.100352 -0.0898498 -0.0797717 -0.069964 -0.0606877 -0.0517923 -0.0435087 -0.0356836 -0.0285169 -0.021846 -0.0158382 -0.0103189 -0.00542478 -0.000969599 0.00294041 0.00650264 0.0096301 0.0125323 0.0151396 0.0176667 0.0200576 0.0225348 0.0250461 0.0278152 0.0307859 0.0341763 0.0379189 0.0422147 0.0469746 0.0523742 0.0582894 0.0648578 0.0719134
-0.309499 -0.303351 -0.299331 -0.294974 -0.290906 -0.286275 -0.28175 -0.276548 -0.271222 -0.26519 -0.258897 -0.251891 -0.244549 -0.236512 -0.228106 -0.219046 -0.209619 -0.1996 -0.189251 -0.178396 -0.167281 -0.155769 -0.144096 -0.132164 -0.120201 -0.108134 -0.0961832 -0.0842905 -0.0726681 -0.061264 -0.0502768 -0.0396529 -0.0295751 -0.0199826 -0.0110347 -0.00265629 0.00501467 0.012078 0.0184187 0.0241615 0.029217 0.033737 0.0376535 0.0411403 0.0441503 0.046875 0.049282 0.051576 0.0537401 0.0559884 0.0583072 0.0609147 0.0637943 0.0671617 0.0709855 0.0754635 0.0805395 0.0863833 0.0928967 0.100208 0.108164
-0.302545 -0.295981 -0.291504 -0.28672 -0.282173 -0.277057 -0.272011 -0.266262 -0.260373 -0.253719 -0.246804 -0.239097 -0.231065 -0.222243 -0.213071 -0.203139 -0.19287 -0.181896 -0.170629 -0.158746 -0.146644 -0.134046 -0.121337 -0.108282 -0.0952569 -0.082058 -0.0690483 -0.0560501 -0.0434081 -0.0309617 -0.0190305 -0.00746524 0.0034416 0.013842 0.0234728 0.0324922 0.0406753 0.0481923 0.054858 0.060859 0.0660522 0.0706439 0.0745263 0.0779248 0.0807619 0.0832801 0.0854238 0.0874497 0.0893213 0.0913041 0.0933732 0.0957972 0.0985502 0.101897 0.105798 0.110501 0.115939 0.122322 0.129544 0.137756 0.146801
-0.295572 -0.288535 -0.283624 -0.278365 -0.273351 -0.267717 -0.262144 -0.25583 -0.249335 -0.242058 -0.234455 -0.226052 -0.217239 -0.207642 -0.197594 -0.186801 -0.17556 -0.163637 -0.151307 -0.138391 -0.125149 -0.111448 -0.0975423 -0.0833382 -0.0690856 -0.0547206 -0.0404889 -0.0263454 -0.0125268 0.00100432 0.0140243 0.0265699 0.0384386 0.0496767 0.0601033 0.0697819 0.0785644 0.0865384 0.0935885 0.0998355 0.105195 0.109826 0.113677 0.116938 0.119585 0.121832 0.123681 0.125367 0.126912 0.128563 0.130355 0.132544 0.135162 0.138467 0.142475 0.147428 0.153308 0.160321 0.168398 0.177687 0.188046
-0.288597 -0.28111 -0.275725 -0.269997 -0.264474 -0.258311 -0.252174 -0.245259 -0.238144 -0.230179 -0.22188 -0.212697 -0.203105 -0.192626 -0.181706 -0.169925 -0.157714 -0.144698 -0.131301 -0.117196 -0.102798 -0.0878288 -0.0726994 -0.057173 -0.0416584 -0.025956 -0.0104629 0.00499327 0.0200314 0.0348041 0.0489552 0.0626289 0.0754949 0.0876986 0.0989445 0.109389 0.118778 0.127287 0.134709 0.141246 0.146741 0.151425 0.15519 0.158296 0.160677 0.162618 0.164084 0.165382 0.166506 0.167777 0.169206 0.171125 0.17355 0.176808 0.180909 0.186152 0.192525 0.200278 0.209351 0.219914 0.231834
-0.28163 -0.273648 -0.267794 -0.261569 -0.255541 -0.248821 -0.242111 -0.234582 -0.226802 -0.218152 -0.209091 -0.199133 -0.188672 -0.177317 -0.165415 -0.152651 -0.139337 -0.125231 -0.110616 -0.0953119 -0.0795938 -0.0633345 -0.0468053 -0.0299269 -0.0129712 0.00410924 0.021043 0.0378575 0.0542894 0.0703549 0.0858034 0.10065 0.114665 0.127873 0.140069 0.151301 0.1614 0.170447 0.178314 0.185122 0.190789 0.195482 0.199166 0.202051 0.204143 0.205689 0.20673 0.207542 0.208194 0.208986 0.210008 0.211576 0.213783 0.216949 0.221156 0.226707 0.23365 0.242246 0.25248 0.264537 0.278296
-0.274689 -0.26623 -0.259884 -0.253156 -0.24659 -0.239303 -0.231988 -0.223809 -0.215355 -0.205952 -0.196128 -0.18531 -0.173981 -0.161648 -0.148761 -0.134891 -0.120472 -0.105127 -0.0892865 -0.0726211 -0.0555646 -0.0378392 -0.0198847 -0.00147062 0.0169614 0.0356042 0.0540227 0.0723806 0.0902562 0.107793 0.124589 0.14078 0.155987 0.170348 0.183526 0.195669 0.20649 0.216167 0.224463 0.231597 0.237395 0.242116 0.245651 0.248298 0.250006 0.251112 0.251614 0.251875 0.251934 0.252181 0.252682 0.253841 0.255745 0.258791 0.263069 0.268955 0.276515 0.286066 0.297619 0.311396 0.3273
-0.267791 -0.258819 -0.251977 -0.24473 -0.237628 -0.22975 -0.221821 -0.212983 -0.203811 -0.193663 -0.183008 -0.171337 -0.159053 -0.145745 -0.131768 -0.116792 -0.101139 -0.0845529 -0.0673335 -0.0492938 -0.0307286 -0.0115161 0.00804611 0.028027 0.0481249 0.0683733 0.0884698 0.108424 0.127938 0.147007 0.165341 0.18293 0.199507 0.215069 0.22938 0.242464 0.254128 0.264436 0.273246 0.280679 0.286653 0.291342 0.294731 0.297052 0.298347 0.298901 0.298804 0.298389 0.297781 0.297351 0.297256 0.297895 0.299436 0.302292 0.306626 0.312843 0.321076 0.331683 0.344725 0.360468 0.378845
-0.260957 -0.25149 -0.244138 -0.236361 -0.228695 -0.220219 -0.21165 -0.202116 -0.192222 -0.181265 -0.169783 -0.157176 -0.14394 -0.129558 -0.11449 -0.0982874 -0.0813949 -0.0634248 -0.0448149 -0.0252399 -0.00514746 0.0157302 0.0369265 0.058662 0.0804642 0.102514 0.124342 0.146096 0.167311 0.188113 0.20805 0.227232 0.245235 0.262172 0.277658 0.291827 0.304346 0.315392 0.324699 0.332492 0.338585 0.343262 0.346415 0.348387 0.349147 0.349091 0.348255 0.347075 0.34565 0.344447 0.343611 0.343635 0.344697 0.347294 0.35162 0.358157 0.367085 0.378833 0.393518 0.411464 0.432656
-0.254208 -0.244216 -0.236348 -0.228033 -0.219806 -0.210713 -0.201494 -0.191265 -0.180604 -0.168852 -0.156475 -0.142947 -0.128674 -0.113226 -0.096963 -0.0795391 -0.0612805 -0.0419225 -0.0217748 -0.000650106 0.0211351 0.0436971 0.0667085 0.0902326 0.113935 0.137838 0.161606 0.185225 0.208359 0.230968 0.252721 0.273569 0.293199 0.311571 0.328404 0.343691 0.357205 0.368989 0.378884 0.387 0.393258 0.397843 0.40076 0.402268 0.402449 0.401638 0.399982 0.397879 0.395531 0.393393 0.391705 0.390968 0.391449 0.393678 0.397929 0.404742 0.414375 0.42733 0.443795 0.464176 0.488523
-0.24757 -0.237069 -0.22868 -0.219817 -0.211007 -0.201289 -0.191404 -0.180442 -0.169023 -0.156409 -0.143151 -0.128621 -0.113322 -0.0967126 -0.0792599 -0.0604971 -0.0408735 -0.0199911 0.00170117 0.0245291 0.0480229 0.0724416 0.0972974 0.122799 0.148449 0.174412 0.200184 0.225888 0.251016 0.275657 0.299306 0.322038 0.343364 0.363366 0.381597 0.398163 0.412686 0.425323 0.43578 0.444282 0.450636 0.455142 0.457708 0.458715 0.45817 0.456523 0.453876 0.450737 0.447286 0.444079 0.441361 0.439727 0.439469 0.441208 0.445271 0.452286 0.462586 0.476768 0.49511 0.518113 0.545926
-0.241067 -0.230034 -0.221119 -0.211705 -0.202318 -0.191964 -0.181402 -0.169718 -0.157494 -0.144045 -0.12984 -0.114332 -0.0979261 -0.0801723 -0.0614325 -0.0413426 -0.0202348 0.00216943 0.0255458 0.0500821 0.0754407 0.101735 0.128612 0.156129 0.183927 0.212011 0.240007 0.267875 0.29523 0.32199 0.347769 0.372467 0.395711 0.417405 0.437221 0.455101 0.470774 0.48426 0.49538 0.504215 0.510706 0.515028 0.517234 0.517598 0.516267 0.513609 0.509871 0.505504 0.50082 0.496354 0.492453 0.489737 0.488589 0.489677 0.49342 0.500521 0.511414 0.526796 0.547056 0.572819 0.604337
-0.234726 -0.22318 -0.213738 -0.203767 -0.193786 -0.182792 -0.171549 -0.159106 -0.146097 -0.131751 -0.116624 -0.100061 -0.0825697 -0.0635837 -0.043572 -0.0220486 0.000533948 0.0245845 0.049641 0.0760298 0.103261 0.131594 0.160521 0.190242 0.220238 0.250653 0.280946 0.311207 0.340876 0.369992 0.39799 0.424882 0.450115 0.473705 0.495158 0.51451 0.531349 0.5458 0.557533 0.566767 0.573304 0.577461 0.579165 0.57884 0.576549 0.572792 0.567759 0.562042 0.555907 0.550022 0.544729 0.540754 0.53851 0.538771 0.542012 0.549038 0.560381 0.576857 0.598989 0.627526 0.662906
-0.228574 -0.216499 -0.206527 -0.196004 -0.185439 -0.173803 -0.16187 -0.148691 -0.134853 -0.119644 -0.103536 -0.0859552 -0.0673052 -0.0471159 -0.0257449 -0.00281204 0.0213501 0.0470314 0.0738922 0.102127 0.131377 0.16176 0.192906 0.224867 0.257258 0.290065 0.322876 0.355612 0.38783 0.419393 0.44984 0.47901 0.506441 0.531993 0.555249 0.576109 0.594252 0.609651 0.622091 0.631663 0.638282 0.642159 0.64334 0.642175 0.638852 0.633809 0.627366 0.620091 0.612352 0.604825 0.597967 0.59251 0.588974 0.588189 0.590723 0.597459 0.609056 0.626458 0.650301 0.681537 0.72075
-0.222642 -0.210059 -0.199562 -0.188485 -0.177328 -0.165051 -0.152431 -0.138484 -0.123848 -0.107725 -0.0906711 -0.072005 -0.0522322 -0.0307623 -0.00806447 0.0163708 0.0420873 0.0695061 0.098153 0.128359 0.159623 0.192205 0.225588 0.259965 0.294796 0.330199 0.365597 0.401028 0.435872 0.470106 0.503072 0.534728 0.56443 0.592123 0.617232 0.63975 0.659193 0.675644 0.688744 0.698708 0.705311 0.708902 0.709437 0.707384 0.702846 0.696431 0.688367 0.679383 0.669825 0.660487 0.651819 0.644675 0.639614 0.637547 0.639113 0.645314 0.656886 0.674907 0.700191 0.733847 0.776702
-0.216958 -0.203858 -0.192838 -0.181217 -0.169483 -0.15657 -0.143262 -0.12858 -0.113113 -0.0961191 -0.0780725 -0.0583693 -0.0374135 -0.0147089 0.00938999 0.0352857 0.0626433 0.0917638 0.1223 0.154452 0.187855 0.222633 0.258403 0.295219 0.332667 0.370713 0.408895 0.447082 0.484757 0.521718 0.557419 0.591617 0.623776 0.65365 0.680772 0.704958 0.725829 0.743315 0.757163 0.76744 0.774064 0.777272 0.777125 0.774029 0.768205 0.760219 0.750435 0.739538 0.728002 0.716627 0.705965 0.696902 0.690081 0.686466 0.686801 0.692155 0.703368 0.72165 0.747961 0.783598 0.829592
