MatLab_Code/img_model_res.grd
DSAA
101 101
-2500 2500
-2500 2500
0.186823 0.553566
[rows 56 to 83 of 101, columns 0 to 62 of 101]
0.491297 0.491836 0.494217 0.496849 0.500011 0.503016 0.506362 0.509479 0.512761 0.515777 0.518858 0.521653 0.524452 0.526959 0.529433 0.531616 0.533742 0.535585 0.537354 0.53885 0.540258 0.541402 0.542445 0.543228 0.543899 0.544319 0.544623 0.544689 0.54465 0.544396 0.544058 0.54354 0.54297 0.542261 0.541536 0.540704 0.539874 0.538947 0.53801 0.536954 0.53585 0.534581 0.533211 0.531619 0.529873 0.527858 0.525648 0.523138 0.520413 0.517372 0.514108 0.510525 0.50673 0.502627 0.49834 0.493769 0.489052 0.484095 0.479051 0.473831 0.468604 0.463288 0.458066
0.494317 0.494878 0.497142 0.49966 0.502643 0.505478 0.508624 0.511548 0.514622 0.517437 0.520312 0.522912 0.525513 0.527837 0.530125 0.53214 0.534095 0.535782 0.537392 0.53874 0.54 0.540999 0.5419 0.54254 0.543073 0.543348 0.543515 0.543434 0.543254 0.542853 0.542381 0.541733 0.541059 0.540267 0.539496 0.538656 0.537867 0.537026 0.536225 0.535344 0.534455 0.533426 0.53232 0.531005 0.529542 0.527815 0.525895 0.523675 0.521238 0.518489 0.515517 0.512239 0.508745 0.504968 0.500999 0.496777 0.492401 0.487818 0.483135 0.478308 0.473453 0.468534 0.463675
0.497343 0.497893 0.500074 0.502424 0.505237 0.507884 0.510829 0.513549 0.516412 0.519021 0.521687 0.524086 0.526492 0.528626 0.530733 0.532572 0.534359 0.535883 0.537338 0.538534 0.539644 0.540498 0.541251 0.541749 0.542131 0.54226 0.542267 0.54203 0.541678 0.541111 0.540465 0.53966 0.538839 0.537938 0.537092 0.536233 0.535475 0.534729 0.534076 0.533398 0.532751 0.532001 0.531189 0.530186 0.529038 0.527628 0.526018 0.524106 0.52197 0.519517 0.516846 0.513861 0.510675 0.507198 0.503551 0.499643 0.495607 0.491353 0.487027 0.48254 0.478049 0.473467 0.468961
0.500354 0.500912 0.502959 0.505173 0.507784 0.510241 0.512966 0.515478 0.518119 0.520518 0.522969 0.525168 0.527368 0.529317 0.531233 0.532901 0.534512 0.535877 0.537168 0.538215 0.539171 0.539881 0.540484 0.540835 0.541063 0.541034 0.540869 0.540452 0.539908 0.539142 0.538287 0.537282 0.536277 0.535226 0.534274 0.533373 0.532641 0.531998 0.531514 0.531074 0.530709 0.53028 0.52981 0.529161 0.528363 0.527303 0.526027 0.524444 0.52262 0.520481 0.518103 0.515425 0.51253 0.509363 0.50601 0.502422 0.498689 0.494768 0.490753 0.486607 0.482428 0.478182 0.473972
0.503314 0.503853 0.505804 0.507828 0.510251 0.5125 0.515011 0.517304 0.519725 0.521909 0.524148 0.526141 0.528145 0.529901 0.531636 0.533126 0.534571 0.535772 0.536908 0.5378 0.538608 0.539169 0.539626 0.539826 0.5399 0.539703 0.539357 0.538739 0.537977 0.536973 0.535873 0.53462 0.533381 0.532129 0.531036 0.530062 0.529349 0.52881 0.528527 0.528354 0.528323 0.528261 0.528184 0.527926 0.527523 0.526834 0.525922 0.524677 0.523185 0.521352 0.519283 0.51689 0.514294 0.511407 0.508354 0.505048 0.501622 0.497987 0.494285 0.490425 0.486559 0.48259 0.478678
0.506195 0.506741 0.508546 0.510421 0.512624 0.514668 0.516947 0.519024 0.521216 0.523187 0.525207 0.527001 0.528799 0.530373 0.531919 0.533241 0.534511 0.535557 0.536531 0.537279 0.537934 0.538356 0.538659 0.538715 0.538624 0.538265 0.537722 0.536899 0.535887 0.534622 0.533224 0.531677 0.53014 0.52864 0.527342 0.526275 0.525554 0.525146 0.525078 0.525239 0.525583 0.525962 0.526319 0.526519 0.526532 0.526262 0.525721 0.524846 0.523676 0.522173 0.520394 0.518308 0.515983 0.513389 0.510602 0.507589 0.504429 0.50109 0.497653 0.49409 0.490482 0.486801 0.483132
0.508967 0.509491 0.511191 0.512863 0.514867 0.516693 0.518751 0.520604 0.522575 0.524329 0.52614 0.52773 0.529338 0.530722 0.532094 0.533242 0.534353 0.535239 0.536065 0.536661 0.537179 0.537454 0.537621 0.537527 0.537284 0.536749 0.536022 0.534972 0.533712 0.532143 0.530422 0.52851 0.526629 0.524794 0.523262 0.522034 0.521319 0.521023 0.521236 0.521748 0.52256 0.523409 0.524284 0.524952 0.525446 0.525589 0.52546 0.524935 0.524117 0.522916 0.521447 0.519632 0.517594 0.515252 0.512743 0.509977 0.507092 0.503998 0.500837 0.497513 0.494175 0.490722 0.487309
0.511619 0.512136 0.513675 0.51519 0.516969 0.518585 0.520407 0.522044 0.523786 0.525333 0.526929 0.528328 0.529736 0.530947 0.532137 0.533129 0.534071 0.534813 0.535482 0.535945 0.53631 0.536461 0.536481 0.536263 0.535864 0.535182 0.534261 0.53301 0.531477 0.529612 0.527512 0.525214 0.522902 0.5207 0.518835 0.517443 0.516678 0.516549 0.517043 0.518012 0.51931 0.520729 0.522126 0.523342 0.524296 0.524908 0.52516 0.525023 0.524521 0.523649 0.522451 0.520928 0.519136 0.517071 0.514793 0.512293 0.509635 0.506805 0.503865 0.500801 0.497677 0.494473 0.491258
0.514122 0.514593 0.516011 0.517313 0.518891 0.520289 0.521894 0.523309 0.524838 0.526173 0.527572 0.528774 0.530003 0.531034 0.532063 0.532889 0.533687 0.534277 0.534811 0.53513 0.535369 0.535381 0.535284 0.534931 0.534414 0.533585 0.532522 0.531065 0.529309 0.527123 0.524674 0.521933 0.519187 0.516532 0.514332 0.512696 0.511912 0.51192 0.512778 0.514198 0.516073 0.518048 0.520033 0.521748 0.523212 0.524229 0.5249 0.525089 0.524931 0.524331 0.523428 0.522145 0.520621 0.518775 0.516752 0.51446 0.51205 0.509423 0.506727 0.50386 0.500971 0.497954 0.49496
0.516456 0.516894 0.518131 0.519277 0.52063 0.521824 0.523197 0.524407 0.525714 0.526854 0.528045 0.529073 0.530112 0.530987 0.53184 0.532526 0.533162 0.533623 0.53401 0.534214 0.534314 0.534222 0.533996 0.53355 0.532915 0.531998 0.530796 0.529216 0.527244 0.52483 0.522032 0.518917 0.51571 0.512639 0.51004 0.508189 0.50734 0.507546 0.50875 0.510698 0.513109 0.515671 0.518158 0.520386 0.522251 0.523698 0.524693 0.525242 0.525352 0.525055 0.524381 0.523367 0.522049 0.520454 0.518624 0.516575 0.514352 0.51196 0.509445 0.506807 0.504092 0.501294 0.498462
0.518573 0.518945 0.520051 0.520989 0.52215 0.523132 0.524302 0.525299 0.526408 0.527344 0.528353 0.529193 0.530071 0.53078 0.531487 0.532018 0.532522 0.532842 0.533108 0.533179 0.533173 0.532961 0.53265 0.532105 0.531413 0.530414 0.529175 0.527493 0.52544 0.522853 0.519885 0.516501 0.512995 0.509568 0.506684 0.504626 0.503772 0.504144 0.505716 0.508095 0.510993 0.513972 0.516856 0.519388 0.5216 0.523321 0.524648 0.525441 0.525848 0.52576 0.525346 0.524522 0.523442 0.522026 0.520425 0.518545 0.516543 0.514316 0.512017 0.509538 0.50703 0.504383 0.501745
0.520466 0.520782 0.521706 0.522502 0.52345 0.524245 0.525194 0.526004 0.526898 0.52766 0.528465 0.529145 0.529839 0.530409 0.530954 0.531365 0.531723 0.531934 0.532064 0.532036 0.531906 0.531613 0.5312 0.530609 0.529853 0.528859 0.527592 0.525956 0.523904 0.521381 0.518484 0.515217 0.511739 0.508286 0.505275 0.503173 0.502327 0.502898 0.504724 0.507422 0.510512 0.513611 0.516494 0.519068 0.521344 0.523254 0.524751 0.525803 0.526389 0.526552 0.526306 0.525712 0.524791 0.523595 0.522147 0.520482 0.518629 0.51661 0.514457 0.51218 0.509812 0.507357 0.50485
0.522114 0.522312 0.523124 0.523732 0.52451 0.525109 0.525874 0.526476 0.527188 0.527751 0.528382 0.528877 0.529418 0.529826 0.530248 0.530522 0.53078 0.530865 0.530904 0.530755 0.530541 0.53014 0.529671 0.529014 0.528267 0.527274 0.526103 0.524557 0.522732 0.52057 0.518216 0.515621 0.512766 0.509798 0.507081 0.505164 0.504462 0.505146 0.507036 0.509673 0.512517 0.515175 0.517535 0.51965 0.521654 0.523476 0.525088 0.526253 0.527046 0.527342 0.527305 0.526843 0.526123 0.525061 0.523811 0.522279 0.520621 0.518731 0.516767 0.514617 0.512431 0.510097 0.507762
0.523439 0.523599 0.524257 0.52475 0.525337 0.525773 0.526324 0.526756 0.527248 0.527638 0.528059 0.528401 0.528757 0.529042 0.529316 0.529502 0.529634 0.529647 0.529567 0.529346 0.529014 0.528552 0.52799 0.52732 0.526552 0.52565 0.524569 0.523256 0.521806 0.520368 0.518949 0.517255 0.51539 0.51339 0.511582 0.510291 0.509924 0.510552 0.512082 0.514084 0.516222 0.51815 0.519818 0.521143 0.522505 0.524058 0.525604 0.526883 0.527758 0.528234 0.528299 0.528024 0.527415 0.526538 0.525402 0.524057 0.522513 0.520809 0.518958 0.516986 0.51491 0.512747 0.510515
0.524465 0.524577 0.525165 0.525487 0.525933 0.52618 0.526562 0.526778 0.527081 0.527252 0.527495 0.527636 0.527855 0.527981 0.528168 0.528232 0.528314 0.52822 0.528092 0.527758 0.52737 0.526787 0.526184 0.525451 0.524733 0.523883 0.522996 0.521943 0.520994 0.52031 0.519608 0.518724 0.517658 0.516578 0.515624 0.515003 0.514943 0.515537 0.516667 0.518098 0.519595 0.52101 0.522135 0.522968 0.523728 0.524872 0.526302 0.527577 0.528574 0.529116 0.529337 0.529144 0.528699 0.527914 0.526946 0.525699 0.524324 0.522719 0.521033 0.519159 0.517244 0.515174 0.513095
0.525234 0.52536 0.525809 0.526043 0.526306 0.526408 0.526566 0.526606 0.52666 0.526638 0.526638 0.526616 0.526634 0.526657 0.526703 0.526726 0.526711 0.5266 0.526383 0.526013 0.525503 0.524865 0.524148 0.523405 0.52267 0.521947 0.521216 0.520484 0.519998 0.519818 0.519648 0.519197 0.518765 0.518221 0.517841 0.517663 0.517881 0.518455 0.519412 0.520543 0.521793 0.522867 0.523854 0.524435 0.52491 0.525746 0.527066 0.528389 0.529417 0.530083 0.530359 0.530311 0.529936 0.529307 0.528419 0.527332 0.526042 0.524598 0.522997 0.521281 0.519449 0.517532 0.515532
0.525781 0.525872 0.526269 0.526344 0.526488 0.526391 0.526372 0.526162 0.526 0.525705 0.525501 0.525229 0.52511 0.52495 0.524945 0.524878 0.524881 0.524738 0.524519 0.524077 0.523506 0.52272 0.521938 0.521104 0.520413 0.519758 0.51923 0.518756 0.518611 0.518771 0.518856 0.518815 0.518597 0.518405 0.518297 0.518361 0.518727 0.51939 0.520345 0.521464 0.522635 0.523787 0.524673 0.525305 0.52575 0.526531 0.527859 0.529202 0.530321 0.531017 0.53141 0.531408 0.531168 0.530596 0.52985 0.52883 0.527686 0.526314 0.524858 0.523212 0.521523 0.519675 0.517812
0.526124 0.526233 0.526507 0.526519 0.526475 0.52624 0.525961 0.525543 0.525071 0.524534 0.524009 0.523528 0.523145 0.522893 0.522784 0.522773 0.522845 0.522825 0.522612 0.522128 0.521387 0.520442 0.519472 0.518575 0.517854 0.517329 0.516966 0.516734 0.516781 0.517104 0.5174 0.517382 0.517331 0.517118 0.517015 0.517084 0.517521 0.518313 0.519477 0.520818 0.52227 0.523544 0.524719 0.525487 0.52614 0.527152 0.528622 0.530071 0.531214 0.532011 0.53243 0.532546 0.532344 0.531905 0.531209 0.530327 0.52924 0.528008 0.526612 0.525107 0.523476 0.521765 0.51996
0.526317 0.526383 0.526627 0.526488 0.526336 0.525877 0.525395 0.524663 0.523928 0.523025 0.522225 0.521388 0.520813 0.520381 0.520343 0.520572 0.521012 0.521313 0.521201 0.520572 0.519498 0.518184 0.516903 0.515805 0.515091 0.514653 0.514511 0.514475 0.514629 0.514979 0.515222 0.515209 0.514896 0.514459 0.514036 0.513874 0.514238 0.515253 0.516804 0.518655 0.520555 0.522364 0.523865 0.525067 0.526186 0.527675 0.529389 0.53091 0.532145 0.532953 0.533468 0.533604 0.533513 0.533105 0.532529 0.531688 0.530726 0.529541 0.528272 0.526814 0.52531 0.523646 0.521963
0.526385 0.526471 0.526598 0.526407 0.526052 0.525445 0.524661 0.523675 0.522543 0.521312 0.52006 0.518915 0.518 0.5175 0.51766 0.518524 0.519629 0.520252 0.520248 0.519466 0.518051 0.516119 0.514252 0.512865 0.512092 0.511812 0.511869 0.512093 0.512361 0.512556 0.512613 0.512231 0.51148 0.510412 0.509362 0.508722 0.508952 0.510189 0.512323 0.514936 0.517664 0.52018 0.522409 0.52428 0.526181 0.52822 0.530161 0.53181 0.533053 0.533948 0.534466 0.5347 0.534623 0.534327 0.533776 0.533054 0.532125 0.531062 0.52983 0.528496 0.52703 0.525487 0.523842
0.526385 0.526428 0.526534 0.526187 0.525729 0.524864 0.523864 0.522508 0.521053 0.519336 0.517684 0.51605 0.514862 0.514285 0.514889 0.516597 0.518279 0.519243 0.519271 0.518439 0.516684 0.514222 0.511617 0.509816 0.509002 0.508869 0.509219 0.509699 0.510165 0.510325 0.510059 0.509254 0.507896 0.506143 0.504431 0.503359 0.503436 0.504865 0.507497 0.510883 0.514481 0.517896 0.520994 0.523825 0.52649 0.528903 0.531024 0.53269 0.534007 0.534886 0.535482 0.535711 0.535727 0.535437 0.534988 0.534282 0.533462 0.532421 0.5313 0.529992 0.528637 0.527122 0.525586
0.526336 0.526404 0.526395 0.526005 0.525332 0.524322 0.522998 0.521363 0.51944 0.517314 0.515087 0.513002 0.511383 0.510804 0.511963 0.514473 0.516806 0.518023 0.518249 0.517233 0.515255 0.512208 0.50892 0.506674 0.505833 0.505969 0.50663 0.507468 0.508186 0.508548 0.508337 0.507455 0.505932 0.50406 0.502334 0.501303 0.501422 0.502877 0.505569 0.509129 0.513098 0.51707 0.520814 0.5242 0.527209 0.529813 0.531946 0.533669 0.534947 0.535887 0.536458 0.536764 0.53677 0.536572 0.536125 0.535521 0.53471 0.533775 0.532671 0.53147 0.530135 0.528726 0.527211
0.526293 0.526318 0.526303 0.525765 0.525008 0.523747 0.522224 0.520204 0.517936 0.515269 0.51256 0.509867 0.507854 0.507182 0.508853 0.512213 0.515203 0.516882 0.517162 0.516138 0.513754 0.510131 0.50611 0.503492 0.502782 0.503264 0.504368 0.505572 0.506679 0.507347 0.507512 0.506984 0.505914 0.504492 0.503242 0.502557 0.502885 0.504326 0.506891 0.510247 0.514109 0.51805 0.521861 0.52528 0.528329 0.530866 0.533002 0.534645 0.535949 0.536834 0.537455 0.53773 0.537806 0.537592 0.537229 0.536619 0.5359 0.534968 0.533958 0.532765 0.531525 0.530127 0.528706
0.526266 0.526325 0.526207 0.525654 0.524708 0.523343 0.521524 0.519271 0.516557 0.513502 0.510203 0.507023 0.504496 0.503675 0.505707 0.509921 0.51368 0.51577 0.516246 0.515088 0.512362 0.508054 0.503296 0.50047 0.500021 0.500989 0.502544 0.504223 0.505689 0.506803 0.507376 0.50743 0.506978 0.506296 0.505667 0.505527 0.506103 0.507606 0.509949 0.513018 0.51648 0.520113 0.523609 0.526853 0.529681 0.532128 0.534113 0.535733 0.536941 0.537848 0.538412 0.538739 0.538781 0.538638 0.538257 0.53773 0.537001 0.536159 0.535147 0.534046 0.532809 0.531502 0.530086
0.526305 0.526324 0.526229 0.525556 0.524583 0.523021 0.521089 0.518528 0.515576 0.512071 0.508398 0.504676 0.501776 0.500711 0.502919 0.507898 0.512399 0.514923 0.515575 0.514311 0.511223 0.50625 0.500835 0.497991 0.497932 0.499371 0.50145 0.503518 0.505427 0.506884 0.507953 0.508494 0.508719 0.508675 0.508742 0.50906 0.509971 0.511473 0.513681 0.516362 0.519447 0.522608 0.525757 0.528631 0.53125 0.53345 0.535338 0.536804 0.537989 0.538802 0.539387 0.539656 0.539746 0.539566 0.539249 0.538698 0.538045 0.537187 0.536255 0.535144 0.533988 0.532675 0.531339
0.526405 0.526471 0.526298 0.52566 0.524558 0.522985 0.520862 0.518215 0.514982 0.51129 0.50724 0.503247 0.499987 0.498753 0.501033 0.50653 0.511572 0.514448 0.515228 0.513907 0.510527 0.50508 0.499255 0.496497 0.496785 0.498686 0.501138 0.503608 0.505795 0.507642 0.509035 0.510078 0.510774 0.511341 0.511878 0.512662 0.513766 0.515361 0.517375 0.519815 0.522473 0.52527 0.527985 0.530568 0.53286 0.534891 0.536564 0.537959 0.539009 0.539813 0.540314 0.540611 0.540647 0.540518 0.540165 0.53968 0.539 0.538216 0.537265 0.536231 0.535062 0.533826 0.53248
0.526605 0.526638 0.526525 0.525817 0.524773 0.523105 0.521016 0.518241 0.515005 0.511141 0.507042 0.502854 0.499521 0.498193 0.500492 0.506194 0.511443 0.514483 0.515343 0.514016 0.510538 0.504945 0.499002 0.496364 0.496917 0.49907 0.501817 0.504467 0.506922 0.508947 0.510669 0.511995 0.513129 0.514053 0.515032 0.516068 0.517401 0.518973 0.520914 0.52306 0.525442 0.527836 0.530244 0.532462 0.53453 0.536293 0.53784 0.539056 0.540057 0.540744 0.541244 0.541463 0.541528 0.541345 0.541039 0.540513 0.539892 0.539077 0.538192 0.537133 0.53603 0.534773 0.533493
0.52688 0.526976 0.526815 0.526207 0.525112 0.523557 0.521429 0.518784 0.515527 0.511813 0.507721 0.503691 0.500396 0.499159 0.501464 0.507006 0.512098 0.515039 0.515888 0.514647 0.511339 0.505968 0.500249 0.497714 0.498339 0.500597 0.503362 0.506121 0.508599 0.510793 0.512621 0.514208 0.515544 0.516795 0.517977 0.519269 0.520663 0.52229 0.524077 0.526075 0.528145 0.530289 0.532353 0.534339 0.536116 0.537722 0.539058 0.540192 0.541048 0.54171 0.542112 0.542343 0.542339 0.542191 0.541834 0.541358 0.540698 0.539942 0.539023 0.538027 0.536895 0.535702 0.534398
