MatLab_Code/img_model_res.grd
DSAA
101 101
-2500 2500
-2500 2500
0.186823 0.553566
[rows 0 to 27 of 101, columns 0 to 62 of 101]
0.481219 0.48236 0.485781 0.489191 0.493338 0.497292 0.501656 0.505742 0.510022 0.513986 0.518008 0.521691 0.525346 0.528656 0.531888 0.534779 0.537561 0.540011 0.542333 0.544338 0.546208 0.547777 0.549213 0.550367 0.551395 0.552161 0.55281 0.553214 0.553507 0.553566 0.553515 0.553234 0.552838 0.55221 0.551455 0.550458 0.549316 0.547917 0.546352 0.544513 0.542491 0.540182 0.537677 0.534875 0.531869 0.528566 0.525063 0.521269 0.517288 0.513023 0.50859 0.503885 0.499033 0.493926 0.488693 0.483227 0.477661 0.471886 0.466041 0.460015 0.453952 0.447742 0.441532
0.479305 0.481105 0.484765 0.488391 0.49257 0.496584 0.500967 0.50507 0.509377 0.513336 0.517388 0.521056 0.524741 0.52803 0.531291 0.534157 0.536967 0.539389 0.541738 0.543714 0.545606 0.547148 0.548605 0.549734 0.550782 0.551527 0.552197 0.552584 0.552899 0.552946 0.552919 0.552632 0.552263 0.551634 0.550912 0.54992 0.548816 0.547428 0.545905 0.544082 0.542103 0.539814 0.537352 0.53457 0.531607 0.528324 0.524863 0.521093 0.51715 0.512915 0.508516 0.503846 0.499026 0.493956 0.488757 0.483328 0.477796 0.472059 0.466246 0.460258 0.454226 0.448052 0.441869
0.477349 0.47914 0.48316 0.486877 0.491239 0.495296 0.499784 0.503924 0.508295 0.512296 0.516391 0.520101 0.523814 0.527143 0.530421 0.533323 0.536141 0.538596 0.540948 0.542952 0.544844 0.546408 0.54786 0.549007 0.550049 0.550808 0.551472 0.551872 0.552182 0.552242 0.552213 0.551939 0.551572 0.550959 0.550242 0.549271 0.548177 0.546814 0.545307 0.543513 0.541555 0.539297 0.536857 0.534107 0.531166 0.527913 0.524473 0.520729 0.51681 0.512597 0.508226 0.503576 0.498784 0.493733 0.48856 0.483149 0.477641 0.47192 0.466129 0.460153 0.454141 0.447972 0.441809
0.475417 0.477355 0.481382 0.485325 0.489692 0.493871 0.498399 0.502622 0.50703 0.511088 0.51522 0.518973 0.52272 0.526081 0.52939 0.532317 0.535165 0.537639 0.540018 0.542038 0.543953 0.545528 0.547 0.548155 0.549213 0.549981 0.550658 0.551067 0.55139 0.55146 0.551442 0.551181 0.550825 0.550228 0.549525 0.548572 0.547495 0.546154 0.544668 0.542901 0.540967 0.538737 0.536324 0.533603 0.530689 0.527467 0.524055 0.520343 0.516448 0.512269 0.507919 0.503301 0.49853 0.493508 0.488354 0.48297 0.477476 0.471778 0.465997 0.460041 0.454031 0.447884 0.44171
0.47351 0.475398 0.479586 0.483538 0.488038 0.492263 0.496883 0.501157 0.50564 0.509752 0.513932 0.517732 0.521521 0.52493 0.528277 0.53125 0.534129 0.536646 0.53905 0.541107 0.543042 0.54465 0.546137 0.54732 0.548391 0.549182 0.549871 0.5503 0.550632 0.550719 0.550713 0.550465 0.550124 0.549538 0.548849 0.547907 0.546846 0.545517 0.544049 0.542295 0.54038 0.538163 0.535768 0.533061 0.530166 0.526957 0.523561 0.51986 0.515983 0.511811 0.507477 0.502864 0.498105 0.493084 0.487936 0.482548 0.477056 0.471348 0.465564 0.45959 0.453574 0.447397 0.441218
0.471667 0.473623 0.477755 0.481822 0.486345 0.490648 0.495312 0.49964 0.504166 0.508314 0.512547 0.516378 0.520225 0.523663 0.527066 0.530062 0.532996 0.535531 0.537987 0.540059 0.54204 0.543661 0.54519 0.546385 0.547493 0.548294 0.549014 0.549453 0.549814 0.549912 0.549928 0.549695 0.549372 0.548803 0.548131 0.547207 0.546162 0.544852 0.5434 0.541665 0.539768 0.53757 0.535192 0.532503 0.529625 0.526434 0.523054 0.519369 0.515503 0.511345 0.507018 0.502415 0.497658 0.492641 0.487488 0.482095 0.476592 0.470872 0.46507 0.459078 0.453035 0.446834 0.440616
0.469872 0.471754 0.475962 0.480008 0.484615 0.488962 0.493694 0.498076 0.502649 0.506859 0.511131 0.515031 0.518914 0.522426 0.525855 0.528922 0.531877 0.534481 0.536952 0.539088 0.541082 0.542761 0.5443 0.545545 0.546661 0.547505 0.548233 0.548706 0.549075 0.549199 0.549228 0.549014 0.548705 0.548151 0.547491 0.54658 0.545546 0.544246 0.542805 0.541079 0.53919 0.536999 0.534628 0.531945 0.529072 0.525884 0.522506 0.51882 0.514953 0.510789 0.506455 0.501839 0.497068 0.492032 0.486856 0.481432 0.475899 0.470139 0.464297 0.458257 0.452164 0.445905 0.439631
0.468146 0.470052 0.474196 0.478307 0.482915 0.487311 0.492078 0.496503 0.501131 0.505372 0.509709 0.513634 0.517585 0.521115 0.524621 0.527706 0.530735 0.533353 0.535895 0.538042 0.540103 0.54179 0.54339 0.544643 0.545813 0.546663 0.547437 0.547917 0.548323 0.548458 0.548515 0.548314 0.548028 0.547487 0.546848 0.545948 0.544931 0.543643 0.542215 0.540498 0.53862 0.536438 0.534075 0.531397 0.528528 0.525342 0.521965 0.518277 0.514404 0.510231 0.505886 0.501253 0.496462 0.491399 0.486196 0.48074 0.475167 0.469364 0.463471 0.457374 0.451218 0.444891 0.438542
0.466474 0.468299 0.472483 0.476559 0.481222 0.48564 0.490459 0.494932 0.499601 0.503906 0.508275 0.512272 0.51625 0.519855 0.523386 0.52655 0.529601 0.532297 0.534855 0.537074 0.539148 0.540901 0.542511 0.543823 0.545 0.545903 0.546682 0.547207 0.547619 0.54779 0.547854 0.547682 0.547405 0.546887 0.546255 0.545373 0.544363 0.543088 0.541664 0.539956 0.538079 0.5359 0.533536 0.530856 0.52798 0.524787 0.521397 0.517695 0.513803 0.509608 0.505234 0.50057 0.495739 0.490633 0.485382 0.479872 0.474239 0.468369 0.462401 0.456223 0.449977 0.443555 0.437103
0.464868 0.46669 0.47081 0.474929 0.47958 0.484028 0.488869 0.493376 0.498094 0.502425 0.50686 0.510877 0.514928 0.518551 0.522159 0.525338 0.528467 0.531176 0.533812 0.536042 0.538189 0.53995 0.541627 0.542944 0.544182 0.545088 0.545921 0.546449 0.546908 0.547083 0.547188 0.547022 0.546777 0.546266 0.545662 0.544787 0.543799 0.542528 0.541121 0.539416 0.53755 0.535371 0.53301 0.530325 0.527447 0.524242 0.520843 0.517121 0.51321 0.508987 0.504584 0.499881 0.495012 0.489856 0.484552 0.478979 0.473278 0.467329 0.461277 0.455002 0.448655 0.442119 0.435547
0.463315 0.465054 0.469194 0.473276 0.477964 0.482421 0.487303 0.491847 0.4966 0.50099 0.505453 0.509543 0.513618 0.517318 0.520946 0.524205 0.527352 0.53014 0.532793 0.5351 0.537257 0.539088 0.540772 0.542153 0.543396 0.544359 0.545195 0.545774 0.546236 0.546456 0.546563 0.546436 0.546195 0.545715 0.545114 0.544263 0.543277 0.542024 0.540616 0.538921 0.537051 0.534874 0.532504 0.529813 0.526918 0.523698 0.520273 0.516526 0.51258 0.508321 0.503871 0.499119 0.49419 0.488972 0.483594 0.477942 0.472149 0.466103 0.459939 0.453548 0.447069 0.440394 0.433674
0.461822 0.463541 0.467624 0.471731 0.476406 0.480882 0.485779 0.490348 0.495145 0.499558 0.504083 0.508191 0.512338 0.516054 0.519761 0.523032 0.526259 0.529057 0.531788 0.534102 0.536335 0.538172 0.539926 0.541309 0.542615 0.54358 0.544475 0.545056 0.545571 0.545793 0.545949 0.545823 0.545624 0.545146 0.54458 0.543731 0.542771 0.541518 0.540129 0.538432 0.536573 0.534389 0.532021 0.529315 0.526413 0.52317 0.519726 0.515946 0.51197 0.507666 0.503174 0.498364 0.493378 0.488087 0.482634 0.47689 0.471003 0.464844 0.458564 0.452036 0.445417 0.438585 0.431696
0.460379 0.462017 0.466103 0.470181 0.474882 0.479361 0.484291 0.488892 0.493718 0.498185 0.502737 0.506913 0.511083 0.514876 0.5186 0.521952 0.525193 0.52807 0.530811 0.533201 0.535443 0.537352 0.539109 0.540558 0.541866 0.542892 0.543788 0.544424 0.544942 0.545215 0.545373 0.545293 0.545094 0.544656 0.544088 0.543269 0.542306 0.541075 0.53968 0.537995 0.536126 0.533945 0.53156 0.528847 0.525918 0.522655 0.519174 0.515362 0.511336 0.506986 0.50243 0.497558 0.492494 0.487123 0.481573 0.475729 0.469721 0.463437 0.457011 0.450333 0.443544 0.436533 0.429453
0.458991 0.460597 0.464637 0.468726 0.473417 0.477911 0.482853 0.487474 0.492341 0.496828 0.501437 0.505632 0.509872 0.51368 0.517481 0.520843 0.524164 0.527046 0.529866 0.532259 0.534575 0.536484 0.538313 0.539761 0.541136 0.542161 0.54312 0.543758 0.544335 0.544611 0.544824 0.544745 0.544595 0.544156 0.543629 0.542807 0.541876 0.540638 0.539265 0.53757 0.535713 0.533516 0.531133 0.528396 0.525457 0.52216 0.518656 0.514797 0.510735 0.506324 0.501717 0.49677 0.491636 0.486171 0.480529 0.474568 0.468443 0.462016 0.455444 0.448598 0.441628 0.434424 0.427131
0.457654 0.459182 0.463212 0.467281 0.471992 0.476488 0.481459 0.486109 0.491002 0.495539 0.500175 0.504433 0.508696 0.512577 0.516396 0.519836 0.523169 0.52613 0.528955 0.531423 0.533741 0.53572 0.537549 0.539065 0.54044 0.541529 0.54249 0.543189 0.543771 0.544105 0.544322 0.544296 0.544147 0.543752 0.543222 0.542434 0.541494 0.54028 0.538893 0.537211 0.535334 0.53314 0.530731 0.527985 0.52501 0.521691 0.518139 0.514244 0.510119 0.505657 0.500972 0.495956 0.490726 0.485171 0.479411 0.473333 0.467064 0.460491 0.453748 0.446723 0.439556 0.432137 0.424622
0.456371 0.457858 0.461852 0.465922 0.470628 0.475136 0.480121 0.484789 0.489722 0.494276 0.498968 0.503244 0.507574 0.51147 0.515364 0.518813 0.522224 0.525189 0.528091 0.530557 0.532948 0.534922 0.536821 0.538332 0.539776 0.540865 0.541897 0.542601 0.543252 0.543592 0.543874 0.543852 0.54376 0.543363 0.542879 0.542082 0.541175 0.539944 0.538578 0.536874 0.535007 0.532785 0.530375 0.527595 0.524607 0.521243 0.517665 0.513713 0.509548 0.505015 0.500274 0.495169 0.489861 0.484196 0.47833 0.472119 0.465713 0.458979 0.452064 0.444851 0.437482 0.429852 0.422105
0.455142 0.456553 0.460529 0.464587 0.469309 0.473819 0.478832 0.483529 0.488486 0.493091 0.497807 0.502145 0.506498 0.510464 0.514376 0.5179 0.521321 0.524363 0.527268 0.529807 0.532195 0.534239 0.536133 0.537714 0.539159 0.540321 0.541361 0.542139 0.542803 0.543214 0.543507 0.543548 0.543459 0.543113 0.542622 0.541861 0.540937 0.539727 0.538334 0.536636 0.534735 0.532508 0.530057 0.527261 0.524226 0.520835 0.517199 0.513207 0.508972 0.504385 0.499558 0.49438 0.488967 0.483204 0.47721 0.47087 0.464308 0.457412 0.450314 0.442905 0.435333 0.427484 0.419514
0.453971 0.455334 0.459281 0.463334 0.468055 0.472576 0.477605 0.482318 0.487318 0.491937 0.49671 0.501065 0.505484 0.509466 0.513449 0.516984 0.52048 0.523524 0.526503 0.529038 0.531499 0.533535 0.535505 0.537084 0.538611 0.539781 0.540908 0.541702 0.542452 0.542879 0.54325 0.543299 0.543276 0.542927 0.542483 0.541706 0.540812 0.539572 0.538193 0.536455 0.534553 0.532278 0.529814 0.526965 0.523908 0.520459 0.516791 0.512732 0.508453 0.503786 0.498899 0.493627 0.48813 0.482253 0.476147 0.469666 0.462958 0.455893 0.448618 0.441022 0.433255 0.425209 0.417032
0.452858 0.454147 0.458071 0.462117 0.466853 0.471378 0.476433 0.481178 0.4862 0.490871 0.495667 0.500084 0.504525 0.508575 0.512577 0.516184 0.519691 0.522808 0.525789 0.528396 0.530854 0.532964 0.534936 0.536598 0.538139 0.539402 0.540552 0.54144 0.542214 0.542727 0.543114 0.543236 0.543215 0.542919 0.542462 0.541717 0.540793 0.539566 0.538143 0.5364 0.534442 0.532149 0.529623 0.526746 0.523622 0.520137 0.516398 0.512294 0.507937 0.503215 0.498239 0.492892 0.487291 0.481312 0.475078 0.468465 0.461601 0.454372 0.446921 0.439142 0.431197 0.42297 0.414624
0.451809 0.453049 0.456947 0.460985 0.465722 0.470258 0.475332 0.480091 0.485158 0.489843 0.494698 0.49913 0.503638 0.507703 0.511776 0.515393 0.518973 0.522093 0.525147 0.527751 0.530284 0.532397 0.534457 0.536134 0.537777 0.539066 0.540323 0.54124 0.542115 0.54265 0.543123 0.543252 0.543297 0.542989 0.542575 0.541799 0.540897 0.539623 0.538201 0.536399 0.534427 0.532065 0.529514 0.526563 0.523407 0.519846 0.516068 0.511888 0.507482 0.502678 0.49764 0.492202 0.486517 0.480429 0.474084 0.467336 0.46033 0.452944 0.445332 0.437394 0.429298 0.420939 0.412476
0.450827 0.451995 0.455868 0.4599 0.464652 0.469194 0.474293 0.479086 0.484173 0.488913 0.493788 0.498284 0.502813 0.506946 0.511037 0.514726 0.518316 0.521508 0.524567 0.527245 0.529786 0.531985 0.534065 0.535846 0.537523 0.538924 0.540218 0.541243 0.542146 0.542773 0.543259 0.543458 0.543495 0.543232 0.542789 0.542035 0.541084 0.539811 0.538326 0.536507 0.534462 0.532071 0.529439 0.526452 0.523214 0.519612 0.515753 0.511526 0.50704 0.502177 0.497053 0.491541 0.485758 0.479573 0.473112 0.466239 0.459094 0.451559 0.443801 0.435723 0.427514 0.419072 0.410572
0.449919 0.451036 0.454884 0.458907 0.463661 0.468214 0.473334 0.47814 0.483275 0.488026 0.492962 0.497472 0.502069 0.506217 0.510379 0.514078 0.517741 0.520938 0.524072 0.526756 0.529384 0.531603 0.533791 0.535607 0.537402 0.538844 0.540255 0.541314 0.542319 0.542963 0.543528 0.543719 0.543809 0.543516 0.5431 0.542296 0.541353 0.540015 0.538521 0.536628 0.534559 0.532087 0.529424 0.526354 0.523078 0.519396 0.515495 0.511189 0.506653 0.501711 0.496526 0.490927 0.485068 0.478785 0.472224 0.465235 0.457967 0.450302 0.442419 0.43424 0.425966 0.417516 0.409081
0.449088 0.450134 0.453957 0.457974 0.462742 0.467302 0.472445 0.477287 0.48244 0.487247 0.492202 0.496777 0.501393 0.50561 0.509789 0.513561 0.517236 0.520507 0.523651 0.526419 0.52907 0.531393 0.533621 0.535556 0.537398 0.538959 0.54041 0.541573 0.542598 0.543322 0.543881 0.544125 0.544183 0.543919 0.543452 0.542656 0.541646 0.5403 0.53873 0.536815 0.534664 0.532162 0.529416 0.526312 0.522953 0.519231 0.515249 0.510896 0.50628 0.501279 0.496013 0.490345 0.484398 0.478031 0.471371 0.464279 0.456898 0.449117 0.441132 0.432881 0.424603 0.41621 0.407941
0.448341 0.449335 0.453133 0.45714 0.461911 0.46648 0.471647 0.476499 0.481702 0.486519 0.491536 0.496123 0.500808 0.505038 0.509289 0.513071 0.51682 0.520099 0.523327 0.526113 0.528867 0.531227 0.533574 0.535557 0.537522 0.539125 0.540685 0.54187 0.542978 0.543696 0.544309 0.544522 0.544611 0.544295 0.543842 0.54298 0.541971 0.54055 0.538967 0.536973 0.534796 0.532219 0.529445 0.52626 0.522871 0.519068 0.515051 0.510618 0.505953 0.500878 0.495551 0.489806 0.48379 0.477339 0.470598 0.463412 0.455939 0.448063 0.440001 0.431724 0.423494 0.415245 0.407234
0.447681 0.448606 0.452376 0.456378 0.461162 0.46574 0.470928 0.475817 0.481035 0.485907 0.490941 0.495593 0.500295 0.504595 0.508862 0.512716 0.516479 0.519837 0.523084 0.525965 0.528756 0.531231 0.533627 0.535732 0.537742 0.539454 0.541038 0.542304 0.543406 0.544175 0.544757 0.545 0.545039 0.544737 0.544221 0.543361 0.542278 0.540849 0.539189 0.537177 0.534928 0.532321 0.52947 0.526255 0.522788 0.518951 0.514854 0.510379 0.505638 0.500505 0.495103 0.48929 0.483196 0.476671 0.469847 0.462581 0.455024 0.447072 0.438959 0.430663 0.42251 0.414454 0.406772
0.447117 0.447989 0.451732 0.455724 0.460511 0.465098 0.470309 0.475206 0.480473 0.485354 0.490448 0.495111 0.49988 0.504191 0.508529 0.512394 0.516233 0.519604 0.522941 0.525852 0.528753 0.531273 0.53379 0.535939 0.538059 0.539795 0.54146 0.54272 0.543875 0.544614 0.545228 0.545422 0.54548 0.545117 0.544608 0.54368 0.542597 0.541096 0.539426 0.537342 0.535079 0.532398 0.529523 0.526236 0.522744 0.518829 0.514703 0.510147 0.505365 0.500153 0.494691 0.488805 0.482646 0.476043 0.469147 0.461806 0.454184 0.446173 0.438019 0.429723 0.421648 0.413789 0.406396
0.446653 0.447456 0.451168 0.455154 0.459953 0.464549 0.469778 0.474712 0.479991 0.484925 0.490033 0.494758 0.499542 0.503921 0.508273 0.512209 0.516063 0.519515 0.522878 0.525891 0.528834 0.531468 0.53403 0.536286 0.538431 0.540248 0.541907 0.543219 0.544343 0.545112 0.545681 0.545893 0.545894 0.54554 0.544968 0.544042 0.542891 0.541385 0.539647 0.53755 0.535216 0.532518 0.529575 0.526261 0.522695 0.518751 0.514545 0.509952 0.505088 0.499823 0.494285 0.488328 0.482089 0.475414 0.468439 0.461025 0.453332 0.44526 0.437059 0.428742 0.420718 0.412998 0.405835
0.446294 0.447045 0.450728 0.454703 0.459504 0.464107 0.469359 0.474297 0.479623 0.484562 0.489727 0.49446 0.499307 0.503694 0.508114 0.512059 0.515988 0.519456 0.522912 0.525956 0.529008 0.531681 0.534349 0.536629 0.538857 0.540668 0.54238 0.543662 0.544819 0.545544 0.546132 0.546292 0.546306 0.545893 0.545329 0.54434 0.543193 0.541622 0.539882 0.537717 0.535377 0.53261 0.529656 0.526271 0.522685 0.518665 0.514432 0.509759 0.50485 0.499505 0.493902 0.487868 0.481552 0.474792 0.467739 0.460243 0.452482 0.444338 0.436073 0.427701 0.419652 0.411978 0.404871
