MatLab_Code/img_model_res.grd
DSAA
101 101
-2500 2500
-2500 2500
0.186823 0.553566
[rows 28 to 55 of 101, columns 0 to 62 of 101]
0.446047 0.446733 0.450383 0.45435 0.459162 0.463771 0.469036 0.474008 0.479341 0.484329 0.489504 0.494293 0.499151 0.503601 0.50803 0.512044 0.515986 0.519535 0.523016 0.526159 0.529246 0.532021 0.534713 0.537075 0.539297 0.541161 0.542844 0.544158 0.545273 0.546018 0.546557 0.546729 0.546689 0.546285 0.545663 0.544679 0.543471 0.541901 0.540098 0.537931 0.535524 0.532749 0.529726 0.526327 0.522669 0.518625 0.514312 0.509602 0.504612 0.499209 0.493523 0.487409 0.480996 0.474144 0.466989 0.4594 0.451538 0.443302 0.434928 0.426441 0.418288 0.410516 0.403329
0.445915 0.446554 0.450174 0.454128 0.458938 0.463552 0.468835 0.473807 0.47918 0.48417 0.489393 0.494186 0.499099 0.503553 0.508043 0.512062 0.516074 0.519637 0.523205 0.526373 0.529556 0.532352 0.535126 0.537484 0.53976 0.541595 0.543313 0.544584 0.545722 0.54642 0.546976 0.547097 0.547071 0.546613 0.546001 0.54496 0.54376 0.542132 0.540333 0.538106 0.535699 0.532862 0.529833 0.526366 0.522694 0.518576 0.514238 0.509446 0.504413 0.498921 0.493168 0.486951 0.480447 0.47348 0.46622 0.458504 0.450526 0.442152 0.433627 0.424954 0.416573 0.408569 0.40112
0.445901 0.446484 0.450072 0.454017 0.458832 0.463449 0.468739 0.473739 0.479114 0.484144 0.489371 0.494213 0.49913 0.503637 0.508131 0.512209 0.516229 0.519865 0.523452 0.526705 0.529907 0.532782 0.535554 0.537967 0.540215 0.542083 0.54376 0.545054 0.546146 0.54686 0.547368 0.547503 0.547425 0.54698 0.546315 0.545284 0.544028 0.542406 0.540552 0.538328 0.535863 0.533023 0.529931 0.526455 0.522713 0.518576 0.514159 0.509331 0.50421 0.49866 0.492805 0.486502 0.479875 0.47279 0.465383 0.457525 0.449376 0.440823 0.432084 0.423148 0.414442 0.406036 0.398173
0.446007 0.446554 0.450115 0.454045 0.458855 0.463471 0.468772 0.473767 0.479173 0.484198 0.489465 0.494302 0.499264 0.503768 0.508311 0.512387 0.516467 0.520109 0.523769 0.527033 0.53031 0.533183 0.53601 0.538396 0.54068 0.542506 0.544208 0.545454 0.546566 0.547231 0.547756 0.547841 0.547779 0.547282 0.546632 0.545551 0.544309 0.542637 0.54079 0.538518 0.536053 0.533162 0.530068 0.52653 0.522778 0.51857 0.51413 0.50922 0.504053 0.49841 0.492479 0.486058 0.479321 0.472088 0.464534 0.456489 0.448147 0.439359 0.43035 0.421077 0.411926 0.402977 0.394516
0.446239 0.446744 0.450274 0.454194 0.459003 0.463618 0.468918 0.473933 0.479332 0.484389 0.48965 0.494525 0.499481 0.504026 0.508563 0.512687 0.516764 0.520465 0.52413 0.527461 0.530735 0.533663 0.536465 0.538887 0.541129 0.542978 0.544632 0.545897 0.54696 0.547641 0.548117 0.548217 0.548106 0.547624 0.546927 0.545861 0.544572 0.542913 0.541022 0.538756 0.536245 0.533351 0.530202 0.526659 0.522844 0.518619 0.514104 0.509159 0.503905 0.4982 0.49216 0.485641 0.478763 0.471386 0.463644 0.455402 0.446812 0.437749 0.42841 0.418729 0.409045 0.399416 0.390214
0.446607 0.447085 0.450587 0.45449 0.459287 0.463897 0.469198 0.4742 0.47962 0.484663 0.489951 0.494813 0.499801 0.504332 0.508905 0.513015 0.517136 0.520831 0.524549 0.527873 0.531197 0.534103 0.536938 0.53932 0.54158 0.543385 0.545053 0.546271 0.547348 0.547983 0.548474 0.548528 0.548435 0.547911 0.547231 0.546124 0.544851 0.543149 0.541271 0.538963 0.536461 0.533523 0.530374 0.526781 0.52296 0.518674 0.514135 0.509115 0.50381 0.498017 0.491895 0.485258 0.478258 0.470713 0.462792 0.454319 0.44547 0.436089 0.426377 0.416237 0.40595 0.395544 0.385424
0.447112 0.447555 0.451024 0.454914 0.459703 0.464304 0.469597 0.474609 0.480011 0.485075 0.490346 0.495233 0.500202 0.504761 0.509314 0.513456 0.517561 0.521297 0.525002 0.52837 0.531672 0.53461 0.537405 0.539804 0.542019 0.543833 0.545455 0.546684 0.547714 0.548361 0.548805 0.548876 0.548741 0.548237 0.547517 0.546429 0.545116 0.543432 0.541514 0.539218 0.536676 0.533747 0.530555 0.526962 0.523086 0.518789 0.514185 0.509134 0.503755 0.497896 0.491675 0.484935 0.477793 0.470097 0.461974 0.453273 0.444136 0.434419 0.4243 0.413659 0.402737 0.391517 0.380407
0.447759 0.448182 0.451621 0.45549 0.460261 0.46485 0.470133 0.475124 0.480534 0.485573 0.490857 0.495719 0.500704 0.505236 0.509808 0.513923 0.518053 0.521766 0.525503 0.528845 0.532173 0.535072 0.537882 0.540234 0.542455 0.544223 0.545852 0.547033 0.548073 0.548673 0.549133 0.549161 0.549046 0.548502 0.547802 0.546676 0.545385 0.543667 0.541769 0.539438 0.536914 0.533948 0.530769 0.527133 0.523261 0.518912 0.514298 0.509187 0.503768 0.497833 0.491541 0.484692 0.477431 0.469579 0.46128 0.452342 0.442932 0.432873 0.422344 0.411199 0.399653 0.387644 0.375527
0.44855 0.448945 0.452349 0.456199 0.460954 0.465527 0.470791 0.475781 0.481161 0.486208 0.491461 0.496333 0.501286 0.50583 0.510366 0.514496 0.518593 0.522326 0.52603 0.529394 0.532682 0.535594 0.538353 0.54071 0.542881 0.544651 0.54623 0.547418 0.548408 0.54902 0.549435 0.549481 0.549325 0.548803 0.548067 0.546962 0.545635 0.543938 0.542005 0.539697 0.537139 0.534193 0.53098 0.527359 0.523449 0.519105 0.514443 0.509315 0.503839 0.497857 0.491485 0.484555 0.477179 0.469192 0.460713 0.451571 0.441896 0.431522 0.420602 0.408983 0.396863 0.384144 0.371136
0.449487 0.449868 0.453238 0.457064 0.46179 0.466345 0.471587 0.476547 0.48192 0.48693 0.492181 0.497013 0.501965 0.506467 0.511004 0.515091 0.519193 0.522884 0.526598 0.529917 0.533211 0.53607 0.538831 0.541131 0.543303 0.545018 0.546599 0.547736 0.548735 0.549301 0.549731 0.549738 0.549599 0.549041 0.548326 0.547192 0.545886 0.54416 0.542253 0.539918 0.537387 0.534417 0.531228 0.527582 0.523689 0.519317 0.514659 0.509493 0.503995 0.497967 0.491554 0.484545 0.477084 0.468983 0.460366 0.451044 0.44115 0.430506 0.419257 0.407236 0.394631 0.381333 0.367612
0.450568 0.450929 0.454262 0.458063 0.462764 0.467294 0.472507 0.477453 0.482784 0.487787 0.492991 0.497818 0.502719 0.507216 0.5117 0.515784 0.519833 0.523525 0.527186 0.530506 0.533742 0.536599 0.539298 0.541595 0.543705 0.54542 0.546945 0.548086 0.549034 0.549611 0.549998 0.550022 0.549846 0.549307 0.548559 0.547446 0.546113 0.544414 0.542483 0.540178 0.537626 0.534686 0.531478 0.52786 0.523948 0.519597 0.514916 0.509757 0.504235 0.498188 0.491728 0.484681 0.477155 0.468975 0.460249 0.450797 0.440736 0.429886 0.418383 0.40606 0.393097 0.379375 0.36516
0.451795 0.45215 0.455446 0.459218 0.463882 0.468386 0.473563 0.478468 0.483776 0.488729 0.493913 0.498685 0.503567 0.508005 0.512472 0.516494 0.520528 0.52416 0.527808 0.531066 0.53429 0.537082 0.53977 0.542002 0.544104 0.545758 0.54728 0.548368 0.54932 0.549851 0.550248 0.550236 0.550076 0.549507 0.548779 0.547642 0.546336 0.544618 0.542719 0.540402 0.537885 0.534937 0.531759 0.528141 0.52426 0.519906 0.515248 0.510087 0.504573 0.498518 0.492055 0.484983 0.477433 0.469211 0.460428 0.450901 0.440745 0.429771 0.418118 0.40562 0.392452 0.3785 0.36403
0.453165 0.453507 0.456765 0.460507 0.465136 0.469605 0.474741 0.479618 0.484869 0.489799 0.49492 0.49967 0.504485 0.508899 0.513295 0.517295 0.521258 0.524869 0.528445 0.531684 0.534835 0.537611 0.540226 0.542445 0.54448 0.546126 0.547586 0.548674 0.549572 0.55011 0.550465 0.550467 0.550272 0.549724 0.548968 0.547857 0.546531 0.544847 0.542935 0.540656 0.538134 0.535226 0.532053 0.528472 0.524598 0.520284 0.515638 0.510511 0.50501 0.498978 0.49252 0.485466 0.477918 0.469697 0.460905 0.451363 0.44118 0.430176 0.418482 0.405942 0.392731 0.378744 0.364256
0.454678 0.455023 0.458241 0.461948 0.466531 0.470964 0.47605 0.480875 0.486086 0.490951 0.496033 0.500712 0.505488 0.509828 0.514186 0.518109 0.522035 0.525567 0.529109 0.53227 0.53539 0.53809 0.54068 0.542828 0.544843 0.546425 0.547875 0.548905 0.549803 0.550295 0.550657 0.550621 0.550443 0.549869 0.549137 0.548007 0.546714 0.545021 0.54315 0.540871 0.538394 0.535496 0.53237 0.528808 0.524987 0.520695 0.516103 0.511006 0.505556 0.499557 0.493153 0.486135 0.478637 0.470463 0.461721 0.452229 0.442104 0.431162 0.419544 0.407099 0.394008 0.380179 0.365893
0.456331 0.456671 0.459848 0.463519 0.468057 0.472444 0.477476 0.482258 0.487397 0.492222 0.497224 0.501861 0.506553 0.510851 0.515122 0.519003 0.52284 0.526331 0.529782 0.532904 0.535937 0.538604 0.541112 0.543235 0.545178 0.546743 0.548127 0.54915 0.549993 0.550487 0.550805 0.550781 0.55057 0.550017 0.549263 0.548166 0.54686 0.545209 0.543336 0.541106 0.538638 0.535795 0.532691 0.529189 0.525396 0.521172 0.516618 0.511592 0.506193 0.50027 0.493924 0.486991 0.479571 0.471492 0.462851 0.453475 0.443479 0.432693 0.421257 0.409029 0.396202 0.382695 0.368799
0.458121 0.458471 0.461605 0.465237 0.469717 0.474059 0.479026 0.483743 0.488822 0.493567 0.49851 0.50306 0.507694 0.511901 0.516115 0.519902 0.523682 0.527077 0.530474 0.533501 0.536486 0.539064 0.541534 0.543577 0.545491 0.546986 0.548352 0.549315 0.55015 0.550596 0.550917 0.550858 0.550661 0.550084 0.549358 0.54825 0.546984 0.545332 0.54351 0.541292 0.538884 0.536066 0.533031 0.529566 0.525849 0.521676 0.517207 0.512244 0.506941 0.5011 0.494864 0.488033 0.480738 0.472798 0.464314 0.455118 0.445326 0.43478 0.423624 0.411728 0.399289 0.386245 0.372885
0.460045 0.460395 0.463488 0.467076 0.471501 0.475786 0.480684 0.48534 0.490333 0.495017 0.499864 0.504352 0.508885 0.513031 0.517141 0.520868 0.524543 0.527877 0.531167 0.534136 0.537018 0.539548 0.541926 0.543932 0.545764 0.547234 0.54853 0.549479 0.550255 0.550699 0.550975 0.550925 0.550696 0.550141 0.549398 0.548327 0.547057 0.545455 0.543642 0.541486 0.539101 0.536356 0.533359 0.529977 0.526314 0.522236 0.517837 0.512983 0.50777 0.502054 0.495933 0.48925 0.482111 0.474347 0.466066 0.457103 0.447578 0.437343 0.426547 0.415071 0.40312 0.390638 0.377922
0.462098 0.462464 0.46551 0.469053 0.473409 0.477636 0.482455 0.487032 0.491944 0.496532 0.501298 0.505684 0.510137 0.514177 0.518211 0.52183 0.525429 0.528652 0.531866 0.534726 0.537541 0.539971 0.542296 0.544214 0.546005 0.547399 0.548667 0.549553 0.550315 0.550709 0.550982 0.550894 0.550678 0.550103 0.54939 0.548316 0.54709 0.5455 0.543746 0.541618 0.539305 0.536604 0.533693 0.530373 0.526808 0.522811 0.518529 0.513774 0.508698 0.50311 0.497151 0.490634 0.483686 0.47614 0.468103 0.459426 0.450225 0.440364 0.429994 0.419011 0.407618 0.395779 0.383773
0.464274 0.464645 0.467651 0.471139 0.47543 0.479587 0.48432 0.488818 0.493627 0.498134 0.502787 0.507089 0.511425 0.515384 0.5193 0.522841 0.526321 0.529464 0.532557 0.535338 0.538038 0.540403 0.542625 0.544494 0.546196 0.547553 0.548745 0.549609 0.550309 0.550694 0.550918 0.550835 0.550589 0.550037 0.549311 0.548277 0.547057 0.545523 0.543791 0.541735 0.539463 0.536851 0.534 0.530784 0.5273 0.523421 0.519242 0.514631 0.509684 0.504264 0.498472 0.492159 0.485428 0.478128 0.470374 0.462016 0.45318 0.443737 0.433842 0.423398 0.412615 0.401451 0.390195
0.46657 0.466964 0.469912 0.473355 0.477562 0.481648 0.486284 0.490686 0.495393 0.499788 0.504337 0.508521 0.512755 0.516594 0.520414 0.523836 0.527222 0.530243 0.53324 0.5359 0.538511 0.540766 0.542917 0.54469 0.546338 0.547613 0.548766 0.549562 0.55024 0.550572 0.550788 0.550667 0.55043 0.549859 0.549162 0.54813 0.54696 0.545449 0.543785 0.541772 0.539587 0.537038 0.534292 0.531161 0.5278 0.524028 0.519995 0.515523 0.510747 0.505501 0.499909 0.493816 0.487331 0.480309 0.472863 0.464857 0.456419 0.447431 0.438044 0.428175 0.418024 0.407565 0.39706
0.468977 0.469377 0.472289 0.475658 0.479791 0.483791 0.488326 0.492629 0.497216 0.501506 0.505925 0.510002 0.514104 0.517841 0.521531 0.524857 0.528114 0.531038 0.533903 0.536466 0.53895 0.541119 0.543159 0.544866 0.546417 0.547643 0.548714 0.549476 0.550087 0.550402 0.550568 0.550448 0.550178 0.549628 0.54892 0.547929 0.54677 0.545323 0.543695 0.541766 0.53964 0.537195 0.534531 0.531525 0.528272 0.52465 0.52075 0.516449 0.511844 0.506801 0.501421 0.495567 0.489345 0.482619 0.475503 0.46787 0.459852 0.451335 0.442475 0.433189 0.423684 0.413916 0.404161
0.47149 0.471919 0.474762 0.478082 0.482115 0.486029 0.490447 0.494637 0.499099 0.50326 0.507552 0.511494 0.515472 0.519075 0.52265 0.525847 0.528993 0.531787 0.534542 0.536972 0.539351 0.541396 0.543349 0.544948 0.546431 0.547565 0.548585 0.549272 0.549849 0.550107 0.550257 0.550097 0.549832 0.549261 0.548579 0.547594 0.546488 0.545074 0.543522 0.541654 0.539628 0.53727 0.534728 0.531834 0.528727 0.525245 0.521514 0.51739 0.512983 0.508151 0.503004 0.497405 0.491467 0.485053 0.478286 0.471043 0.463457 0.455421 0.447093 0.438398 0.429524 0.420447 0.411401
0.4741 0.474536 0.477341 0.480572 0.484517 0.488329 0.492627 0.496697 0.50102 0.505052 0.509196 0.513009 0.516839 0.520319 0.523752 0.526836 0.529845 0.532529 0.535144 0.537462 0.539703 0.541647 0.543474 0.544992 0.546366 0.547437 0.548364 0.549005 0.549508 0.549738 0.549832 0.549664 0.549363 0.548807 0.548116 0.547172 0.546087 0.544742 0.543242 0.541469 0.539524 0.537286 0.534854 0.532105 0.529135 0.525823 0.522263 0.518333 0.514128 0.509522 0.504617 0.499287 0.493639 0.487551 0.48114 0.474293 0.467142 0.459587 0.451787 0.443662 0.435409 0.42698 0.418623
0.476801 0.477267 0.479995 0.483166 0.486995 0.490702 0.494864 0.498801 0.502977 0.506862 0.510855 0.514515 0.518199 0.521531 0.52483 0.527774 0.530659 0.533207 0.535698 0.537878 0.539998 0.541808 0.543529 0.544927 0.546217 0.547185 0.548046 0.548602 0.549056 0.54922 0.549285 0.549073 0.548766 0.548191 0.547521 0.546589 0.545555 0.544256 0.54284 0.541147 0.539318 0.537193 0.534905 0.532299 0.5295 0.526357 0.522994 0.519263 0.515279 0.51091 0.50626 0.501209 0.495863 0.49011 0.48406 0.477614 0.470896 0.463819 0.456529 0.448966 0.441298 0.433499 0.42577
0.479581 0.480054 0.482739 0.485804 0.489528 0.493114 0.497137 0.500931 0.504949 0.508682 0.512509 0.516017 0.519538 0.522725 0.52587 0.528682 0.531423 0.533847 0.536196 0.538253 0.540229 0.541921 0.543506 0.544804 0.545973 0.546861 0.547618 0.548109 0.548477 0.548594 0.548596 0.54836 0.548013 0.547441 0.546763 0.545866 0.544862 0.543636 0.542288 0.540706 0.538981 0.537 0.53485 0.532416 0.529784 0.52684 0.523669 0.52016 0.516402 0.51228 0.507895 0.503127 0.498091 0.492668 0.486984 0.480927 0.47464 0.46802 0.46123 0.454188 0.447087 0.43986 0.43273
0.482435 0.482937 0.485534 0.488526 0.492115 0.495575 0.499441 0.503082 0.50693 0.510496 0.51415 0.51749 0.520843 0.523869 0.526858 0.529521 0.53212 0.534404 0.536618 0.538535 0.540378 0.54193 0.543393 0.54456 0.545625 0.546398 0.54707 0.547462 0.547759 0.547795 0.547746 0.547453 0.547083 0.546486 0.545819 0.544937 0.543985 0.542817 0.541568 0.540087 0.538502 0.536662 0.534682 0.532423 0.529989 0.527243 0.524295 0.521011 0.517497 0.513634 0.509519 0.505047 0.500319 0.495236 0.489905 0.484244 0.478367 0.472201 0.465878 0.459347 0.45276 0.446084 0.439488
0.485345 0.485853 0.488398 0.491266 0.49473 0.498048 0.501754 0.505231 0.5089 0.512293 0.515764 0.518931 0.522106 0.524967 0.52779 0.530302 0.532748 0.534893 0.536961 0.538745 0.540442 0.541865 0.543186 0.544236 0.54517 0.545841 0.546394 0.546698 0.546891 0.546854 0.546719 0.546376 0.545952 0.54534 0.544658 0.543806 0.542889 0.541803 0.540639 0.539291 0.537839 0.536173 0.534368 0.53231 0.530079 0.52756 0.524836 0.521798 0.518533 0.514935 0.511099 0.506919 0.502505 0.49775 0.492778 0.487488 0.482018 0.476271 0.470405 0.464335 0.458242 0.452051 0.445964
0.488304 0.488841 0.491287 0.494063 0.497371 0.500542 0.504069 0.507372 0.510851 0.514059 0.517338 0.520321 0.523311 0.525998 0.528648 0.530998 0.533286 0.535283 0.537203 0.538844 0.540399 0.54168 0.542868 0.543781 0.544594 0.545136 0.545578 0.545762 0.545856 0.545713 0.545495 0.545067 0.544587 0.54393 0.54324 0.542396 0.54153 0.540516 0.539467 0.53825 0.536967 0.535483 0.533884 0.532047 0.530049 0.52777 0.525297 0.522513 0.519514 0.516191 0.512639 0.50876 0.504653 0.500234 0.495602 0.490687 0.485595 0.480264 0.474813 0.469194 0.463542 0.45782 0.452174
