MatLab_Code/img_model_for.grd
DSAA
101 101
-2500 2500
-2500 2500
-0.481738 2.95914
[rows 27 to 53 of 101, columns 0 to 60 of 101]
-0.211553 -0.19796 -0.18643 -0.174269 -0.161958 -0.148417 -0.134436 -0.118995 -0.102738 -0.084834 -0.0658407 -0.0450505 -0.0229617 0.00103806 0.0264883 0.0539157 0.0828664 0.113774 0.146157 0.180358 0.215872 0.252969 0.291123 0.330525 0.370609 0.411468 0.452469 0.493588 0.534141 0.574026 0.612488 0.649408 0.684054 0.716277 0.745421 0.77141 0.793687 0.812298 0.826838 0.837493 0.844043 0.84685 0.845894 0.841709 0.834445 0.824805 0.813098 0.800151 0.78643 0.772845 0.759958 0.748762 0.739928 0.734518 0.733311 0.737477 0.747938 0.766012 0.792787 0.829759 0.878148
-0.206456 -0.192372 -0.180339 -0.167656 -0.15479 -0.140634 -0.125984 -0.109827 -0.0927553 -0.0739985 -0.0540269 -0.0322103 -0.00894708 0.0162845 0.0431366 0.0720324 0.102637 0.13527 0.169576 0.205772 0.243492 0.282872 0.323526 0.365501 0.408361 0.452033 0.496006 0.540072 0.583657 0.626462 0.667863 0.707521 0.744791 0.779375 0.810667 0.838451 0.862239 0.881939 0.897232 0.908179 0.914686 0.917001 0.915224 0.909813 0.901051 0.889585 0.875868 0.860698 0.844658 0.828651 0.813377 0.799821 0.788754 0.781266 0.778231 0.78085 0.790122 0.807458 0.834072 0.871549 0.921292
-0.201697 -0.187153 -0.174638 -0.161443 -0.148028 -0.133274 -0.11798 -0.101095 -0.0832615 -0.0636256 -0.0427364 -0.0198612 0.00450853 0.0310099 0.0591926 0.0895997 0.121787 0.156198 0.192354 0.230613 0.270475 0.312224 0.35533 0.399979 0.445579 0.492175 0.539087 0.586226 0.632818 0.67868 0.722984 0.765503 0.805399 0.842437 0.875869 0.90554 0.9308 0.951648 0.967637 0.978934 0.985301 0.987128 0.984417 0.977754 0.967356 0.954004 0.938122 0.920634 0.902097 0.883549 0.865682 0.849589 0.836063 0.82626 0.82108 0.821796 0.829434 0.845468 0.871173 0.908226 0.958107
-0.197303 -0.182309 -0.169328 -0.155647 -0.141711 -0.126381 -0.110456 -0.092897 -0.0742927 -0.0538464 -0.0320245 -0.00816868 0.0173283 0.0450151 0.0745524 0.106384 0.140181 0.176277 0.214321 0.254552 0.296608 0.340642 0.386266 0.433516 0.481925 0.531387 0.58131 0.631456 0.681144 0.73001 0.777312 0.822637 0.865245 0.9047 0.940345 0.971836 0.998642 1.02058 1.03732 1.04887 1.05515 1.05639 1.05275 1.04473 1.03268 1.01732 0.999231 0.979279 0.95818 0.93694 0.916365 0.897568 0.881405 0.86905 0.861467 0.859925 0.865504 0.879687 0.903756 0.939412 0.988128
-0.193298 -0.177896 -0.164477 -0.150328 -0.135888 -0.120008 -0.103486 -0.0852528 -0.065941 -0.044676 -0.0219968 0.00284987 0.0293877 0.0582723 0.0890688 0.122336 0.157638 0.195434 0.235257 0.277482 0.32162 0.367969 0.416001 0.465884 0.517 0.569344 0.622182 0.675366 0.728054 0.779959 0.830174 0.878359 0.923581 0.965508 1.00328 1.03665 1.06491 1.08798 1.10538 1.11723 1.12332 1.12401 1.11935 1.10998 1.09619 1.07884 1.05843 1.036 1.01223 0.98824 0.964831 0.943212 0.924249 0.909172 0.898936 0.894851 0.897973 0.909781 0.93152 0.964873 1.01123
-0.189714 -0.17392 -0.160086 -0.145503 -0.130593 -0.114195 -0.0971022 -0.0782575 -0.0582425 -0.0362409 -0.0127076 0.0130362 0.0406092 0.0705856 0.102634 0.137219 0.174019 0.213387 0.25498 0.299061 0.345278 0.393799 0.444234 0.496603 0.550411 0.605492 0.661238 0.717323 0.77299 0.827799 0.880923 0.931833 0.979674 1.02395 1.06385 1.099 1.12874 1.15285 1.17094 1.183 1.18894 1.189 1.18337 1.17259 1.1571 1.13768 1.11499 1.09002 1.06358 1.03678 1.01052 0.985999 0.964147 0.946204 0.933146 0.926268 0.926618 0.935621 0.95447 0.984731 1.02771
-0.18658 -0.170438 -0.15622 -0.141228 -0.125873 -0.10899 -0.0913691 -0.0719273 -0.0512858 -0.0285559 -0.00426008 0.022369 0.0508732 0.0819238 0.115103 0.150983 0.189144 0.230053 0.273266 0.31917 0.367299 0.417953 0.470612 0.52541 0.58172 0.639495 0.697937 0.756859 0.815322 0.872977 0.928816 0.982402 1.03269 1.07927 1.12117 1.15806 1.18915 1.2143 1.23298 1.24529 1.25099 1.25048 1.24382 1.23169 1.21446 1.19305 1.16806 1.14062 1.11151 1.08194 1.0528 1.02537 1.00058 0.979707 0.963698 0.953861 0.9512 0.957081 0.972593 0.999193 1.03805
-0.18392 -0.16745 -0.152876 -0.137514 -0.121757 -0.104429 -0.0863171 -0.066351 -0.045101 -0.021738 0.00329825 0.0307013 0.060107 0.0921025 0.126375 0.163404 0.202876 0.245162 0.289934 0.337476 0.387447 0.440029 0.494825 0.551836 0.610551 0.670767 0.731805 0.793316 0.854456 0.914719 0.973175 1.0292 1.08186 1.13054 1.17436 1.21282 1.24523 1.27129 1.29056 1.30302 1.30853 1.30739 1.29978 1.2863 1.26743 1.24406 1.21689 1.18703 1.15535 1.12305 1.09112 1.06081 1.03312 1.00929 0.990306 0.977427 0.971614 0.974161 0.98607 1.00866 1.04295
-0.181756 -0.165005 -0.150114 -0.134412 -0.118285 -0.100556 -0.082003 -0.0615391 -0.0397688 -0.0157959 0.00987498 0.0380193 0.0682007 0.101099 0.136317 0.174435 0.21505 0.258638 0.304776 0.353864 0.405458 0.459856 0.516538 0.575626 0.636465 0.698977 0.762328 0.826257 0.889787 0.952497 1.01328 1.0716 1.12635 1.17701 1.22253 1.26248 1.29602 1.32295 1.34269 1.35531 1.36058 1.35887 1.35031 1.33559 1.31513 1.28993 1.26066 1.22852 1.19437 1.15951 1.12488 1.09182 1.06129 1.03459 1.01264 0.996708 0.987698 0.986827 0.995006 1.01344 1.04298
-0.180107 -0.163102 -0.147926 -0.131929 -0.11548 -0.097396 -0.0784503 -0.057569 -0.0353093 -0.0108353 0.0154307 0.0441908 0.0750965 0.108747 0.144844 0.183877 0.225547 0.270237 0.317634 0.368036 0.421118 0.477066 0.535477 0.59635 0.659129 0.723599 0.78906 0.855082 0.920782 0.98559 1.04848 1.10879 1.16545 1.2178 1.26486 1.30608 1.34067 1.3683 1.38848 1.40118 1.40624 1.40397 1.39455 1.37864 1.35675 1.32983 1.29867 1.2644 1.22799 1.19071 1.15358 1.11793 1.08473 1.05526 1.03047 1.01156 0.999404 0.995148 0.999608 1.01389 1.03869
-0.178989 -0.161781 -0.146361 -0.130108 -0.113373 -0.0949873 -0.0757045 -0.0544441 -0.0317914 -0.0068514 0.0198913 0.0492155 0.0807041 0.11504 0.151846 0.191705 0.234232 0.279909 0.328331 0.379905 0.434205 0.49153 0.551359 0.613789 0.678167 0.744372 0.811561 0.879414 0.946915 1.01356 1.0782 1.14023 1.19846 1.25229 1.3006 1.34293 1.37834 1.4066 1.4271 1.43986 1.44466 1.44189 1.43167 1.41473 1.39153 1.36311 1.33021 1.29407 1.2556 1.21617 1.17676 1.13873 1.10306 1.07103 1.04354 1.02181 1.00662 0.999094 0.999943 1.01018 1.03042
-0.178414 -0.161033 -0.145408 -0.128945 -0.11198 -0.0933423 -0.0737782 -0.0522259 -0.0292218 -0.00393411 0.023234 0.0529841 0.0849856 0.11984 0.157266 0.197753 0.24102 0.287451 0.336752 0.389226 0.444561 0.502941 0.563962 0.627615 0.693325 0.76088 0.829505 0.898784 0.967766 1.03583 1.10192 1.16528 1.2248 1.27976 1.32912 1.37226 1.40838 1.43706 1.45781 1.47056 1.47516 1.4719 1.46102 1.44315 1.41885 1.38911 1.35475 1.31696 1.27676 1.23542 1.19402 1.15389 1.11602 1.08166 1.05172 1.02735 1.00934 0.998714 0.996147 1.00256 1.01848
-0.178391 -0.160891 -0.145105 -0.128475 -0.111322 -0.0924896 -0.0727042 -0.0509072 -0.027653 -0.0020628 0.0254034 0.0555139 0.0878756 0.123164 0.161022 0.202028 0.245812 0.292855 0.342772 0.395966 0.452027 0.511238 0.5731 0.637698 0.704356 0.772932 0.84258 0.912942 0.98297 1.05212 1.11921 1.18358 1.244 1.29981 1.34987 1.39364 1.43017 1.45918 1.48004 1.49277 1.49713 1.49349 1.482 1.4634 1.43818 1.40739 1.37181 1.3327 1.29103 1.24814 1.20505 1.16314 1.12336 1.08697 1.05484 1.02811 1.0075 0.994019 0.988262 0.9911 1.003
-0.178925 -0.161339 -0.145434 -0.128687 -0.111401 -0.0924277 -0.0724837 -0.0505289 -0.0270763 -0.00130517 0.0263967 0.0567235 0.0893633 0.124909 0.163094 0.204405 0.24857 0.295973 0.346333 0.399949 0.45652 0.516219 0.578664 0.643805 0.71109 0.780274 0.850594 0.921576 0.992298 1.06206 1.1298 1.19473 1.25573 1.312 1.36249 1.40656 1.44336 1.47247 1.49337 1.50599 1.51016 1.50616 1.49425 1.47506 1.44916 1.41756 1.38109 1.34096 1.29818 1.25406 1.20967 1.1663 1.12497 1.08686 1.05287 1.02407 1.00115 0.985084 0.976418 0.975958 0.984139
-0.180018 -0.162403 -0.146423 -0.129603 -0.11223 -0.0931756 -0.0731342 -0.0510741 -0.0275226 -0.00162584 0.026184 0.0566543 0.0894136 0.125121 0.16344 0.204931 0.249246 0.29685 0.347376 0.401212 0.457966 0.51791 0.58054 0.645942 0.713437 0.782885 0.853415 0.924655 0.995567 1.06558 1.13349 1.19863 1.25976 1.31617 1.36674 1.41088 1.44767 1.47677 1.49756 1.51005 1.51399 1.50975 1.49749 1.47793 1.45157 1.41946 1.38238 1.34158 1.29803 1.25308 1.20774 1.16332 1.12077 1.08132 1.04578 1.01522 0.990306 0.971948 0.960656 0.957211 0.961972
-0.181668 -0.164057 -0.148046 -0.131202 -0.113799 -0.0947162 -0.0746411 -0.0525616 -0.0289682 -0.00306254 0.0247878 0.0552548 0.0880478 0.123738 0.162077 0.203534 0.247852 0.2954 0.345908 0.399662 0.456369 0.516196 0.578748 0.643995 0.711382 0.780637 0.851013 0.92204 0.992777 1.06254 1.13026 1.19514 1.25605 1.31221 1.36258 1.40646 1.44306 1.47192 1.49253 1.50481 1.50858 1.50415 1.49171 1.47193 1.44537 1.413 1.37566 1.33453 1.29061 1.24519 1.19929 1.15418 1.11082 1.07037 1.03365 1.00167 0.975091 0.954757 0.941153 0.935011 0.936678
-0.18387 -0.166317 -0.150318 -0.133497 -0.116106 -0.0970567 -0.0770063 -0.0549629 -0.0314221 -0.00556575 0.0221999 0.0525927 0.0852619 0.12084 0.159008 0.200305 0.244397 0.291728 0.341943 0.395411 0.451748 0.511206 0.573306 0.638103 0.704949 0.773684 0.843458 0.913895 0.98397 1.05311 1.12016 1.18442 1.2447 1.3003 1.35008 1.3935 1.42963 1.45813 1.47841 1.49046 1.49404 1.48949 1.47699 1.45721 1.43066 1.39834 1.36103 1.31994 1.27599 1.23049 1.18441 1.13901 1.0952 1.05414 1.0166 0.983552 0.955624 0.93363 0.918026 0.909492 0.908361
-0.186614 -0.169149 -0.153208 -0.136453 -0.119131 -0.100165 -0.0802011 -0.058272 -0.034842 -0.00914484 0.0184699 0.0486486 0.0811102 0.116404 0.154292 0.195222 0.238945 0.285813 0.335559 0.388451 0.444199 0.502952 0.564334 0.628298 0.694296 0.762076 0.8309 0.900291 0.969355 1.03742 1.10345 1.16665 1.22596 1.2806 1.32956 1.37219 1.40767 1.43561 1.4555 1.46723 1.47067 1.46607 1.45365 1.43402 1.40775 1.37572 1.33878 1.29803 1.25444 1.20922 1.16335 1.11803 1.07417 1.03285 0.994844 0.961077 0.932132 0.908797 0.891503 0.880889 0.87725
-0.189887 -0.172564 -0.156717 -0.140075 -0.122861 -0.104034 -0.0842117 -0.0624516 -0.0392165 -0.0137333 0.0136167 0.0435121 0.0756218 0.110542 0.147973 0.188418 0.231562 0.277816 0.326841 0.378969 0.433832 0.491659 0.551974 0.614826 0.679605 0.746121 0.813573 0.881597 0.949215 1.01586 1.08043 1.14227 1.20022 1.25363 1.30142 1.34305 1.37766 1.40492 1.42426 1.43568 1.43895 1.43439 1.42214 1.40287 1.37703 1.3456 1.30928 1.26922 1.22629 1.18172 1.13641 1.09155 1.04797 1.00677 0.968627 0.934464 0.904835 0.880476 0.861786 0.849369 0.843512
-0.193671 -0.176516 -0.160811 -0.144316 -0.127264 -0.10862 -0.0889944 -0.0674708 -0.0444865 -0.0193147 0.00770889 0.0371978 0.0688799 0.103274 0.140148 0.179924 0.22236 0.267784 0.315928 0.367039 0.420823 0.477417 0.536445 0.597856 0.661134 0.726027 0.791825 0.858081 0.923941 0.988766 1.05159 1.11167 1.168 1.21984 1.26625 1.30662 1.3402 1.36662 1.38537 1.39638 1.39952 1.39502 1.38309 1.36429 1.33914 1.30849 1.27309 1.23399 1.19206 1.14845 1.10404 1.05996 1.01702 0.976252 0.938316 0.904074 0.87406 0.848973 0.829178 0.815262 0.807465
-0.197948 -0.181014 -0.165471 -0.149177 -0.132314 -0.113904 -0.0945208 -0.0732824 -0.0506181 -0.0258073 0.000793844 0.0298154 0.0609457 0.0947364 0.130902 0.169907 0.211455 0.255919 0.302972 0.352906 0.405366 0.460544 0.517993 0.57775 0.639212 0.702227 0.766024 0.830248 0.894 0.956748 1.01747 1.07555 1.12993 1.17999 1.22475 1.2637 1.29606 1.32152 1.33956 1.35018 1.35315 1.3488 1.33724 1.31908 1.29475 1.26511 1.23083 1.19296 1.15228 1.10993 1.06671 1.02372 0.981719 0.941681 0.904247 0.870223 0.840111 0.814569 0.793956 0.778795 0.769326
-0.202693 -0.185995 -0.170672 -0.154588 -0.137968 -0.119826 -0.100736 -0.0798359 -0.0575411 -0.0331688 -0.00704312 0.0214099 0.0519249 0.084986 0.120362 0.158446 0.199001 0.242328 0.288161 0.336715 0.387698 0.441224 0.496921 0.554754 0.614213 0.675057 0.736646 0.798544 0.859963 0.920328 0.978732 1.03452 1.08676 1.13478 1.17773 1.21507 1.2461 1.27048 1.28778 1.29791 1.30077 1.29657 1.28548 1.26803 1.24469 1.21621 1.18328 1.14683 1.10766 1.06679 1.02503 0.983383 0.942585 0.903551 0.866877 0.83334 0.803388 0.777665 0.756475 0.740341 0.729456
-0.207881 -0.191472 -0.176368 -0.160556 -0.144193 -0.126362 -0.107597 -0.0870755 -0.0652024 -0.0413104 -0.0157336 0.0121033 0.041908 0.0741794 0.108647 0.145731 0.185154 0.227246 0.271695 0.318754 0.368076 0.419818 0.473561 0.529312 0.586539 0.645055 0.704185 0.763588 0.822421 0.880233 0.936083 0.989423 1.0393 1.08515 1.12611 1.16173 1.19127 1.21452 1.23098 1.24065 1.24333 1.23934 1.22875 1.21213 1.18983 1.16267 1.1312 1.09636 1.05886 1.01969 0.979586 0.939505 0.900133 0.862317 0.826634 0.793807 0.764263 0.738579 0.717067 0.700182 0.688136
-0.213482 -0.197366 -0.182542 -0.166995 -0.150936 -0.133438 -0.115037 -0.0949337 -0.0735211 -0.0501652 -0.0251793 0.00196943 0.031014 0.0624042 0.0959045 0.13188 0.170095 0.210823 0.253802 0.29922 0.346781 0.396579 0.448255 0.501758 0.556634 0.612643 0.669186 0.725895 0.782042 0.837112 0.890288 0.941006 0.988417 1.03194 1.07082 1.10459 1.13261 1.15463 1.17022 1.17936 1.18191 1.17809 1.16806 1.15229 1.13115 1.10536 1.07548 1.04236 1.00667 0.969348 0.931063 0.892713 0.854931 0.818539 0.78403 0.752117 0.723158 0.697743 0.676103 0.658718 0.645721
-0.219467 -0.203691 -0.189134 -0.173908 -0.158155 -0.141022 -0.123007 -0.103349 -0.0824313 -0.0596399 -0.0352915 -0.00886718 0.0193558 0.0498239 0.0822801 0.117096 0.15401 0.193314 0.234715 0.278425 0.324109 0.371893 0.421378 0.472563 0.524953 0.578375 0.632214 0.686168 0.739484 0.79175 0.842135 0.890167 0.935004 0.976159 1.01287 1.04475 1.07117 1.09192 1.10659 1.11519 1.11755 1.11394 1.10443 1.08954 1.06957 1.04521 1.01697 0.985637 0.951851 0.91646 0.8801 0.843601 0.807547 0.7727 0.73952 0.708666 0.680484 0.655491 0.633931 0.616214 0.602492
-0.225798 -0.210359 -0.196125 -0.181198 -0.16579 -0.149033 -0.13143 -0.112241 -0.0918417 -0.0696496 -0.0459678 -0.0203101 0.00706029 0.0365519 0.0679282 0.10152 0.137093 0.174898 0.214676 0.256595 0.300359 0.346045 0.393303 0.442088 0.491957 0.542719 0.593832 0.644951 0.695423 0.744826 0.792424 0.83772 0.879977 0.918709 0.953247 0.983184 1.00799 1.02743 1.04117 1.04918 1.05136 1.0479 1.03893 1.02488 1.00609 0.98314 0.956551 0.92704 0.895188 0.86178 0.827395 0.792813 0.758569 0.725362 0.693616 0.663943 0.63665 0.61225 0.59092 0.573082 0.558813
-0.232444 -0.217382 -0.203444 -0.188869 -0.173795 -0.157432 -0.140247 -0.121542 -0.101678 -0.0800992 -0.0571065 -0.0322332 -0.00574517 0.0227513 0.0530096 0.0853571 0.119547 0.155831 0.193939 0.234045 0.275842 0.319421 0.36441 0.410798 0.458125 0.506242 0.5546 0.602928 0.650551 0.697135 0.741934 0.784537 0.824217 0.860574 0.892921 0.920953 0.944125 0.962263 0.975022 0.982433 0.984358 0.981018 0.972518 0.959287 0.941601 0.920047 0.895065 0.867349 0.837393 0.805956 0.773561 0.740913 0.708511 0.676984 0.646745 0.618336 0.592053 0.568339 0.547392 0.529561 0.514946
