MatLab_Code/Uz_2D.grd
DSAA
101 101
-2500 2500
-2500 2500
0.0183067 3.26961
[rows 28 to 55 of 101, columns 0 to 63 of 101]
0.239591 0.254361 0.270044 0.286694 0.304372 0.323137 0.343052 0.364181 0.386586 0.410331 0.435477 0.462083 0.490204 0.519885 0.551167 0.584076 0.618623 0.654805 0.692592 0.731931 0.772738 0.814893 0.858239 0.902576 0.947658 0.993194 1.03885 1.08423 1.12893 1.17248 1.21442 1.25425 1.29148 1.32566 1.35633 1.38313 1.40571 1.42384 1.43733 1.44611 1.45021 1.44975 1.44495 1.43614 1.42372 1.40821 1.39018 1.3703 1.34927 1.32786 1.3069 1.28723 1.26975 1.25541 1.24522 1.24025 1.24166 1.25076 1.269 1.29799 1.33958 1.39577 1.46869 1.56029
0.244218 0.259401 0.275536 0.292685 0.31091 0.330278 0.350855 0.372712 0.395919 0.420544 0.446657 0.474325 0.503608 0.534563 0.567236 0.601662 0.637861 0.675835 0.715559 0.756986 0.800031 0.844576 0.890456 0.937463 0.985339 1.03377 1.0824 1.13081 1.17854 1.2251 1.26996 1.3126 1.35247 1.38905 1.42187 1.4505 1.47456 1.49378 1.50797 1.51704 1.521 1.51999 1.51425 1.50412 1.49005 1.47258 1.45236 1.43008 1.40651 1.38247 1.35885 1.33654 1.31651 1.29974 1.2873 1.2803 1.27996 1.28762 1.3048 1.33318 1.37468 1.43143 1.50566 1.5995
0.248598 0.264175 0.280744 0.29837 0.317121 0.337068 0.358283 0.380842 0.404821 0.430298 0.457347 0.486044 0.516458 0.548652 0.582683 0.618593 0.65641 0.696142 0.737773 0.781257 0.826515 0.873424 0.92182 0.971483 1.02214 1.07347 1.12507 1.17651 1.22729 1.27687 1.32468 1.37014 1.41267 1.45168 1.48666 1.51712 1.54267 1.56299 1.57787 1.5872 1.59101 1.58941 1.58268 1.57118 1.55539 1.5359 1.51339 1.48861 1.46239 1.4356 1.40917 1.38407 1.36128 1.34184 1.32685 1.31745 1.31488 1.32051 1.33584 1.36256 1.40257 1.45798 1.53098 1.62363
0.252709 0.268658 0.285638 0.303717 0.322967 0.343463 0.365286 0.388514 0.413232 0.439522 0.467468 0.497152 0.528652 0.56204 0.59738 0.634723 0.674105 0.715543 0.759026 0.804515 0.85193 0.901152 0.952011 1.00428 1.05768 1.11185 1.16639 1.22082 1.27462 1.32719 1.37793 1.4262 1.47136 1.51279 1.54991 1.5822 1.60922 1.63062 1.64617 1.65575 1.65937 1.65717 1.64942 1.63651 1.61897 1.59741 1.57256 1.54522 1.51628 1.48665 1.45731 1.42927 1.40357 1.38126 1.36347 1.35134 1.34612 1.34914 1.36187 1.38595 1.42316 1.47545 1.54483 1.63313
0.256525 0.272824 0.290188 0.308691 0.32841 0.349423 0.371816 0.395675 0.421089 0.448148 0.476942 0.507561 0.54009 0.574612 0.611197 0.649906 0.690783 0.733852 0.77911 0.826522 0.876013 0.927462 0.980699 1.03549 1.09154 1.14847 1.20587 1.26322 1.31995 1.37544 1.42904 1.48005 1.52778 1.57157 1.61078 1.64486 1.67331 1.69576 1.71196 1.72176 1.72518 1.72235 1.71357 1.69925 1.67994 1.6563 1.62909 1.59918 1.56749 1.53498 1.50268 1.47164 1.44291 1.41759 1.39679 1.38167 1.37343 1.37337 1.38288 1.40346 1.43675 1.48448 1.54835 1.62985
0.260027 0.276647 0.294367 0.313262 0.333414 0.354907 0.377829 0.402273 0.428334 0.456107 0.485691 0.517182 0.550674 0.586256 0.624008 0.663998 0.70628 0.750884 0.797815 0.847043 0.898496 0.952056 1.00755 1.06473 1.1233 1.18288 1.24299 1.30313 1.36267 1.42096 1.47729 1.53093 1.58113 1.62718 1.6684 1.70418 1.734 1.75745 1.77425 1.78425 1.78745 1.784 1.77419 1.75847 1.73742 1.71172 1.6822 1.64974 1.61532 1.57996 1.5447 1.51063 1.47884 1.45042 1.42649 1.40818 1.39667 1.39317 1.39897 1.41543 1.444 1.48614 1.54324 1.61644
0.263192 0.280105 0.298148 0.3174 0.337946 0.359875 0.38328 0.408258 0.43491 0.463337 0.493644 0.525934 0.560309 0.596864 0.635689 0.67686 0.720437 0.766459 0.814936 0.865846 0.919119 0.974639 1.03223 1.09164 1.15257 1.2146 1.27726 1.34 1.40217 1.46308 1.52198 1.57808 1.6306 1.67878 1.72188 1.75925 1.79035 1.81472 1.83207 1.84224 1.84521 1.84114 1.83034 1.81326 1.79052 1.76285 1.73108 1.69616 1.6591 1.62095 1.5828 1.54575 1.51091 1.47939 1.45228 1.4307 1.41575 1.40858 1.41037 1.42232 1.44569 1.48168 1.5314 1.59572
0.266003 0.283177 0.301507 0.321078 0.341976 0.364294 0.38813 0.413585 0.440765 0.469777 0.500732 0.533738 0.568905 0.606335 0.646125 0.688358 0.733103 0.780404 0.830279 0.882709 0.937631 0.994928 1.05442 1.11586 1.17892 1.2432 1.30818 1.37329 1.43786 1.50117 1.56241 1.62076 1.6754 1.72551 1.77033 1.80916 1.84141 1.86662 1.88446 1.89475 1.89749 1.89282 1.88108 1.86272 1.83839 1.80884 1.77496 1.73771 1.69814 1.65734 1.61642 1.57651 1.53872 1.50417 1.47392 1.44905 1.43063 1.4197 1.41735 1.42464 1.44263 1.47232 1.51459 1.57012
0.268443 0.285843 0.304423 0.32427 0.345474 0.368131 0.392341 0.418212 0.445852 0.475373 0.506892 0.540524 0.576382 0.614577 0.65521 0.698373 0.74414 0.792563 0.843664 0.89743 0.9538 1.01266 1.07383 1.13706 1.20201 1.26825 1.33529 1.4025 1.46919 1.53461 1.59792 1.65827 1.71478 1.7666 1.81293 1.85304 1.88631 1.91224 1.93049 1.94088 1.94338 1.93816 1.92553 1.906 1.8802 1.84894 1.81311 1.77371 1.73183 1.68857 1.64507 1.60248 1.56191 1.52445 1.49118 1.46313 1.4413 1.42667 1.42021 1.42287 1.43555 1.45909 1.49423 1.5415
0.270498 0.288087 0.306877 0.326956 0.348417 0.371358 0.395883 0.422103 0.450129 0.480079 0.512072 0.546229 0.582669 0.621507 0.66285 0.706796 0.753425 0.802793 0.854929 0.909822 0.967416 1.0276 1.09019 1.15492 1.22147 1.28939 1.35816 1.42715 1.49565 1.56286 1.62793 1.68997 1.74806 1.80133 1.84893 1.89012 1.92423 1.95076 1.96935 1.97978 1.98205 1.97631 1.9629 1.94231 1.91522 1.88243 1.84487 1.80356 1.7596 1.71414 1.66831 1.62327 1.58014 1.54001 1.50391 1.47285 1.44777 1.4296 1.4192 1.41742 1.42505 1.44282 1.47134 1.51112
0.272154 0.289896 0.308854 0.329118 0.350784 0.373952 0.398729 0.425227 0.453562 0.483853 0.516225 0.550802 0.587705 0.627056 0.668966 0.713537 0.760853 0.810976 0.863938 0.919732 0.978303 1.03954 1.10326 1.16921 1.23703 1.3063 1.37645 1.44687 1.5168 1.58544 1.65192 1.7153 1.77465 1.82907 1.87768 1.91971 1.95449 1.98147 2.00029 2.01074 2.01279 2.00659 1.9925 1.97101 1.9428 1.90871 1.86967 1.82672 1.78099 1.73361 1.68575 1.63857 1.59317 1.55063 1.51197 1.47815 1.45008 1.4286 1.41453 1.40862 1.41158 1.42405 1.4466 1.47969
0.273404 0.291259 0.310341 0.330743 0.35256 0.375896 0.400859 0.427561 0.456123 0.486666 0.519316 0.554199 0.591443 0.631169 0.673494 0.718522 0.76634 0.817015 0.87058 0.927032 0.986317 1.04832 1.11287 1.1797 1.24846 1.31869 1.38986 1.46131 1.53229 1.60197 1.66946 1.73382 1.79408 1.84932 1.89865 1.94128 1.97651 2.0038 2.02276 2.03317 2.03501 2.02843 2.01376 1.99154 1.96244 1.9273 1.88706 1.84279 1.7956 1.74666 1.69711 1.64812 1.60079 1.55618 1.51527 1.47901 1.44825 1.42379 1.40638 1.39672 1.39545 1.40315 1.42038 1.4476
0.27424 0.292168 0.311331 0.33182 0.353735 0.377177 0.402257 0.429089 0.457793 0.488494 0.521317 0.556393 0.593848 0.633808 0.676389 0.7217 0.769828 0.820842 0.874778 0.931633 0.991355 1.05383 1.11889 1.18625 1.25557 1.3264 1.39818 1.47025 1.54187 1.61217 1.68027 1.7452 1.806 1.86172 1.91146 1.95442 1.98989 2.01732 2.03631 2.04665 2.04829 2.04139 2.0263 2.00353 1.97376 1.93784 1.89673 1.85147 1.80319 1.75304 1.70219 1.65177 1.60289 1.55656 1.51378 1.47543 1.44233 1.41526 1.3949 1.3819 1.37687 1.38035 1.39288 1.41495
0.27466 0.29262 0.311818 0.332345 0.354301 0.377788 0.402916 0.429801 0.458563 0.489325 0.522217 0.557366 0.594902 0.634949 0.677626 0.72304 0.771281 0.822417 0.876485 0.933482 0.993356 1.056 1.12122 1.18877 1.25828 1.32931 1.40129 1.47356 1.54537 1.61587 1.68415 1.74925 1.8102 1.86604 1.91588 1.95889 1.99438 2.02179 2.04071 2.05092 2.05238 2.04525 2.02986 2.00674 1.97656 1.94015 1.89848 1.85259 1.80359 1.75264 1.70089 1.64945 1.59941 1.55178 1.5075 1.46745 1.43241 1.40311 1.3802 1.36431 1.35598 1.35576 1.36417 1.38172
0.274663 0.292614 0.311802 0.332317 0.354258 0.377728 0.402835 0.429696 0.458429 0.489159 0.522012 0.557116 0.594601 0.634589 0.677199 0.722537 0.770692 0.821731 0.87569 0.932566 0.992306 1.0548 1.11986 1.18723 1.25656 1.32738 1.39914 1.47119 1.54277 1.61303 1.68106 1.74592 1.80662 1.86223 1.91184 1.95463 1.98992 2.01713 2.03587 2.04592 2.04722 2.03994 2.0244 2.00112 1.97077 1.93417 1.89228 1.84612 1.7968 1.74546 1.69321 1.64117 1.59039 1.54186 1.4965 1.45515 1.41857 1.38745 1.36241 1.34404 1.33288 1.32944 1.33424 1.3478
0.274251 0.292154 0.311287 0.33174 0.353611 0.377002 0.40202 0.42878 0.4574 0.488001 0.52071 0.555653 0.592956 0.632741 0.675123 0.720207 0.768079 0.818805 0.872417 0.928912 0.988234 1.05027 1.11484 1.18168 1.25044 1.32067 1.39181 1.46321 1.53412 1.60371 1.67108 1.73528 1.79536 1.85038 1.89944 1.94175 1.97661 2.00346 2.02192 2.03175 2.03292 2.02556 2.01002 1.98678 1.95651 1.92002 1.87824 1.83218 1.78293 1.73159 1.67927 1.62704 1.57594 1.52694 1.48091 1.43867 1.40095 1.36841 1.34165 1.32122 1.30765 1.30143 1.30307 1.3131
0.273431 0.291246 0.31028 0.330623 0.35237 0.375621 0.400483 0.427068 0.455491 0.485872 0.518334 0.553001 0.589995 0.629435 0.671433 0.71609 0.763488 0.81369 0.866726 0.922587 0.981217 1.0425 1.10626 1.17223 1.24006 1.30931 1.37943 1.44977 1.51961 1.58812 1.65442 1.71758 1.77666 1.83074 1.87896 1.92052 1.95473 1.98107 1.99914 2.00872 2.00977 2.00243 1.98701 1.964 1.93406 1.89796 1.85662 1.81101 1.76221 1.71127 1.65928 1.60728 1.55628 1.5072 1.46091 1.41818 1.37971 1.34614 1.31805 1.29596 1.28037 1.27176 1.27063 1.27751
0.272211 0.2899 0.308793 0.328978 0.350548 0.373602 0.398243 0.42458 0.452727 0.482799 0.514915 0.549196 0.585759 0.624719 0.666184 0.710248 0.756991 0.806468 0.858707 0.913695 0.971373 1.03163 1.09427 1.15904 1.22561 1.29352 1.36224 1.43115 1.49953 1.56657 1.63141 1.69316 1.7509 1.80373 1.85081 1.89137 1.92475 1.95042 1.96801 1.9773 1.97825 1.97099 1.95583 1.93324 1.90384 1.86841 1.82781 1.78299 1.73499 1.68483 1.63356 1.58218 1.53166 1.48291 1.43673 1.39389 1.35506 1.32084 1.29178 1.26838 1.25113 1.24049 1.23695 1.24099
0.270603 0.288129 0.30684 0.326823 0.348166 0.370967 0.395326 0.421347 0.449141 0.478819 0.510496 0.544287 0.580305 0.618658 0.659448 0.702765 0.748681 0.797248 0.848485 0.902377 0.958861 1.01782 1.07907 1.14235 1.20733 1.27358 1.34057 1.40769 1.47425 1.53946 1.60251 1.66251 1.71859 1.76988 1.81556 1.8549 1.88726 1.91214 1.92916 1.93812 1.93898 1.93187 1.91709 1.89507 1.86644 1.83191 1.79233 1.74862 1.70174 1.65271 1.60251 1.55212 1.50245 1.45438 1.40869 1.36609 1.32724 1.29271 1.26302 1.23866 1.22008 1.20772 1.20205 1.20354
0.268622 0.28595 0.304441 0.324178 0.345248 0.367744 0.391763 0.417404 0.444775 0.473981 0.505131 0.538336 0.573701 0.61133 0.651316 0.693743 0.738677 0.786162 0.836212 0.888806 0.943877 1.00131 1.06091 1.12244 1.18555 1.24984 1.31479 1.37981 1.44424 1.50732 1.56826 1.62622 1.68036 1.72985 1.77391 1.81183 1.84302 1.86697 1.88335 1.89195 1.89274 1.88584 1.87153 1.85024 1.82255 1.78914 1.75083 1.70848 1.66303 1.61543 1.56662 1.51754 1.46905 1.42199 1.37711 1.33508 1.29653 1.262 1.232 1.20697 1.18735 1.17357 1.16603 1.16521
0.266284 0.283382 0.301617 0.32107 0.341823 0.363965 0.38759 0.412793 0.439675 0.468337 0.498882 0.531412 0.566029 0.602827 0.641893 0.683303 0.727115 0.773366 0.822064 0.873181 0.926648 0.982343 1.04008 1.09962 1.16063 1.2227 1.28536 1.34802 1.41005 1.47073 1.5293 1.58497 1.63694 1.68441 1.72665 1.763 1.79287 1.8158 1.83147 1.83968 1.84041 1.83377 1.82001 1.79956 1.77296 1.74086 1.70403 1.66328 1.6195 1.57359 1.52645 1.47895 1.43193 1.38617 1.34238 1.30121 1.26324 1.229 1.19895 1.17353 1.15314 1.13818 1.12903 1.12611
0.263609 0.280447 0.298394 0.317526 0.337922 0.359667 0.38285 0.407562 0.433897 0.46195 0.491818 0.523597 0.55738 0.593254 0.631297 0.671578 0.714147 0.759033 0.806237 0.855726 0.907427 0.961214 1.01691 1.07426 1.13297 1.19262 1.25277 1.31286 1.37227 1.43034 1.48634 1.53952 1.58913 1.63441 1.67469 1.70932 1.73776 1.75959 1.7745 1.7823 1.78296 1.77661 1.76348 1.74396 1.71856 1.68791 1.65271 1.61375 1.57184 1.52784 1.48259 1.43691 1.3916 1.34737 1.30492 1.26485 1.22772 1.194 1.16416 1.13858 1.11766 1.10174 1.09119 1.08639
0.260618 0.27717 0.294799 0.313577 0.333581 0.354891 0.37759 0.401763 0.427499 0.454887 0.484017 0.514978 0.547853 0.582723 0.619657 0.658716 0.69994 0.743352 0.788946 0.836682 0.886484 0.938226 0.991729 1.04675 1.103 1.16008 1.21755 1.2749 1.33155 1.38685 1.44012 1.49067 1.53778 1.58075 1.61894 1.65176 1.6787 1.69937 1.71346 1.72083 1.72143 1.71538 1.70291 1.68439 1.66028 1.63118 1.59774 1.56069 1.5208 1.47887 1.43568 1.392 1.34857 1.30609 1.26517 1.22641 1.1903 1.15733 1.12789 1.10238 1.08113 1.06447 1.05273 1.04623
0.257334 0.273576 0.290861 0.309258 0.32884 0.34968 0.371857 0.395452 0.420546 0.447222 0.475563 0.505648 0.537555 0.571355 0.60711 0.64487 0.684669 0.726521 0.770413 0.816303 0.864107 0.913701 0.964907 1.01749 1.07117 1.12556 1.18026 1.23477 1.28854 1.34097 1.39142 1.43924 1.48377 1.52435 1.56039 1.59134 1.61672 1.63618 1.64943 1.65634 1.65687 1.65113 1.63934 1.62184 1.59907 1.57157 1.53996 1.5049 1.46713 1.42737 1.38636 1.34481 1.30341 1.26281 1.22358 1.18628 1.15138 1.11931 1.09046 1.06518 1.04379 1.02658 1.01384 1.00585
0.253783 0.269695 0.286614 0.304606 0.323738 0.344081 0.365707 0.38869 0.413107 0.439032 0.466541 0.495707 0.526598 0.559277 0.593798 0.630202 0.668516 0.708745 0.750872 0.794848 0.840588 0.887966 0.936809 0.986892 1.03793 1.08958 1.14145 1.19306 1.2439 1.29342 1.34102 1.38608 1.42799 1.46615 1.50001 1.52905 1.55285 1.57107 1.58346 1.58989 1.59034 1.5849 1.57378 1.5573 1.53587 1.50998 1.48022 1.4472 1.41159 1.37406 1.33529 1.29594 1.25666 1.21803 1.1806 1.14487 1.11129 1.08027 1.05215 1.02727 1.0059 0.988316 0.974761 0.965475
0.249991 0.265555 0.28209 0.299657 0.31832 0.338143 0.359194 0.38154 0.405252 0.430397 0.457044 0.485257 0.515098 0.54662 0.579868 0.614878 0.651667 0.690235 0.730557 0.77258 0.81622 0.861351 0.907803 0.955358 1.00375 1.05264 1.10167 1.15039 1.19831 1.24493 1.28968 1.33199 1.3713 1.40706 1.43874 1.46589 1.48811 1.50508 1.51659 1.52252 1.52286 1.51768 1.5072 1.49171 1.47159 1.44729 1.41936 1.38836 1.35489 1.31959 1.28308 1.24596 1.20883 1.17222 1.13665 1.10258 1.07042 1.04054 1.01327 0.988908 0.967706 0.949901 0.935707 0.92532
0.245984 0.261187 0.277324 0.294452 0.312629 0.331916 0.352374 0.374066 0.397053 0.421399 0.447163 0.474403 0.503172 0.533515 0.565471 0.599065 0.634309 0.671197 0.7097 0.749762 0.791296 0.834179 0.878247 0.923292 0.969056 1.01523 1.06146 1.10733 1.1524 1.19618 1.23815 1.27779 1.31456 1.34797 1.37753 1.40281 1.42347 1.43921 1.44983 1.45523 1.45541 1.45046 1.44056 1.42599 1.4071 1.38433 1.35815 1.3291 1.29773 1.26462 1.23033 1.19542 1.16043 1.12586 1.09217 1.05979 1.0291 1.00044 0.974103 0.950362 0.929448 0.911566 0.896896 0.8856
0.24179 0.256623 0.272352 0.289031 0.306712 0.325453 0.345308 0.366334 0.388587 0.412123 0.436995 0.463252 0.490939 0.520097 0.550753 0.582929 0.616628 0.65184 0.688532 0.726647 0.766097 0.806765 0.848491 0.891078 0.934283 0.977814 1.02134 1.06447 1.10679 1.14784 1.18715 1.22423 1.25858 1.28973 1.31724 1.34073 1.35986 1.37438 1.38411 1.38896 1.38893 1.38412 1.37471 1.36097 1.34321 1.32185 1.29732 1.27011 1.24074 1.20972 1.17758 1.14481 1.11192 1.07935 1.04753 1.01685 0.987655 0.96025 0.934911 0.911877 0.891354 0.873521 0.85853 0.846511
