MatLab_Code/Uz_2D.grd
DSAA
101 101
-2500 2500
-2500 2500
0.0183067 3.26961
[rows 56 to 83 of 101, columns 0 to 63 of 101]
0.237438 0.251894 0.26721 0.283433 0.300615 0.318804 0.338053 0.35841 0.379928 0.402653 0.426633 0.451909 0.478521 0.506498 0.535865 0.566635 0.598807 0.632366 0.667277 0.703482 0.740898 0.779409 0.818866 0.859083 0.89983 0.940836 0.981786 1.02232 1.06205 1.10055 1.13737 1.17204 1.20411 1.23315 1.25874 1.28052 1.29818 1.3115 1.32033 1.32458 1.32428 1.31952 1.31049 1.29743 1.28065 1.26055 1.23752 1.21201 1.18449 1.15544 1.12532 1.09461 1.06373 1.0331 1.0031 0.974093 0.946384 0.920254 0.895949 0.873681 0.853634 0.835962 0.820792 0.808225
0.232955 0.247032 0.261933 0.277702 0.294384 0.312024 0.330669 0.350364 0.371152 0.393075 0.416174 0.440484 0.466035 0.492853 0.520954 0.550346 0.581025 0.612971 0.64615 0.680505 0.715956 0.752396 0.789685 0.827649 0.866076 0.904713 0.943266 0.9814 1.01875 1.0549 1.08944 1.12193 1.15193 1.17902 1.20283 1.22302 1.23929 1.25145 1.25935 1.26295 1.26228 1.25744 1.24862 1.23607 1.2201 1.20105 1.17933 1.15533 1.12949 1.10224 1.074 1.04519 1.01621 0.987431 0.959189 0.931802 0.905553 0.880692 0.857438 0.835979 0.816476 0.799061 0.78384 0.770889
0.22837 0.24207 0.256559 0.271877 0.288065 0.305164 0.323216 0.342261 0.362335 0.383475 0.405714 0.429082 0.453602 0.479292 0.506165 0.534222 0.563456 0.593847 0.625359 0.657941 0.691518 0.725993 0.761238 0.797095 0.83337 0.869831 0.906203 0.942174 0.977392 1.01147 1.04401 1.07458 1.10275 1.12814 1.15035 1.16907 1.18404 1.19506 1.20202 1.20488 1.20371 1.19862 1.18982 1.17756 1.16215 1.14393 1.12326 1.10055 1.07617 1.05052 1.02398 0.996925 0.969706 0.942652 0.916068 0.890233 0.865396 0.841779 0.819576 0.798952 0.780045 0.762969 0.747809 0.734624
0.223709 0.237038 0.251122 0.265998 0.281704 0.298278 0.315754 0.334169 0.353553 0.373939 0.395351 0.417812 0.441341 0.46595 0.491644 0.518423 0.546275 0.57518 0.605106 0.636006 0.667816 0.700449 0.733795 0.767716 0.802038 0.836549 0.870999 0.905094 0.938496 0.970834 1.0017 1.03068 1.05735 1.08129 1.10214 1.11957 1.13332 1.14323 1.14919 1.1512 1.14935 1.14379 1.13475 1.12249 1.10735 1.08965 1.06977 1.04806 1.0249 1.00062 0.975571 0.950085 0.924468 0.899008 0.873971 0.849599 0.82611 0.803698 0.782531 0.762752 0.74448 0.727808 0.712808 0.699523
0.219 0.231966 0.245656 0.260105 0.275347 0.291415 0.308341 0.326155 0.344884 0.364552 0.38518 0.406784 0.429375 0.45296 0.47754 0.503108 0.529653 0.557155 0.585586 0.614908 0.645068 0.675997 0.707607 0.739781 0.772373 0.805197 0.838027 0.870587 0.902551 0.933549 0.963169 0.990973 1.01651 1.03936 1.05912 1.07545 1.08811 1.09691 1.1018 1.1028 1.10003 1.09369 1.08406 1.07145 1.0562 1.03868 1.01923 0.998222 0.975974 0.952808 0.929025 0.904906 0.880715 0.856699 0.833084 0.810075 0.787859 0.7666 0.746443 0.727507 0.709894 0.693681 0.678924 0.665655
0.214268 0.226884 0.240197 0.254238 0.269038 0.284628 0.301036 0.318287 0.336403 0.355404 0.375303 0.39611 0.417829 0.440462 0.464002 0.488441 0.513765 0.539957 0.566993 0.594848 0.623484 0.652855 0.6829 0.713534 0.744644 0.776077 0.807636 0.839065 0.870049 0.900206 0.929099 0.956251 0.981163 1.00335 1.02237 1.03786 1.04954 1.05724 1.06092 1.06066 1.05663 1.04911 1.03844 1.025 1.00918 0.991386 0.971977 0.951292 0.92964 0.9073 0.884528 0.861559 0.838609 0.815878 0.793552 0.771799 0.750772 0.730607 0.711422 0.693319 0.676379 0.660665 0.646219 0.633065
0.209538 0.22182 0.234774 0.248431 0.26282 0.277966 0.293896 0.310631 0.328189 0.346583 0.365821 0.385905 0.406835 0.428601 0.451194 0.474597 0.498798 0.523779 0.549527 0.576028 0.603268 0.631229 0.659886 0.689195 0.719088 0.749459 0.780148 0.810927 0.841487 0.871426 0.900262 0.927438 0.952367 0.974465 0.993206 1.00815 1.019 1.02557 1.02785 1.02598 1.02022 1.01095 0.998623 0.98373 0.966752 0.948135 0.928268 0.907484 0.886061 0.864235 0.842209 0.820163 0.798261 0.776653 0.75548 0.734871 0.714944 0.695808 0.677554 0.660263 0.644 0.628814 0.614735 0.601779
0.204832 0.216799 0.22942 0.242722 0.256733 0.271478 0.286979 0.303255 0.32032 0.338181 0.356841 0.376296 0.396533 0.417537 0.439288 0.461766 0.484951 0.508831 0.533399 0.55866 0.584626 0.611318 0.638756 0.666956 0.69591 0.725576 0.755852 0.786549 0.81737 0.847885 0.877531 0.905629 0.931435 0.954205 0.973267 0.988077 0.998262 1.00364 1.00423 1.00024 0.992073 0.980264 0.965444 0.948268 0.929353 0.909226 0.888314 0.866938 0.845338 0.823691 0.802134 0.780781 0.759734 0.739087 0.718933 0.699357 0.680442 0.662266 0.644897 0.628394 0.612805 0.598165 0.584497 0.571806
0.20017 0.211847 0.224161 0.237142 0.250816 0.265208 0.280339 0.296224 0.312875 0.330295 0.348479 0.367414 0.387079 0.407447 0.428486 0.450164 0.472457 0.495351 0.518849 0.542974 0.567775 0.593319 0.619691 0.646981 0.67527 0.704608 0.734979 0.766266 0.798197 0.830307 0.861914 0.892145 0.920004 0.944484 0.96468 0.979883 0.989624 0.993694 0.992152 0.985326 0.973791 0.958331 0.939851 0.919269 0.897402 0.874904 0.852241 0.829711 0.807491 0.785672 0.764305 0.74342 0.723043 0.703204 0.683939 0.66529 0.647302 0.63002 0.613487 0.597743 0.582819 0.568737 0.555511 0.54314
0.195572 0.206983 0.219023 0.231721 0.245106 0.259202 0.27403 0.289606 0.305937 0.323024 0.340855 0.359408 0.378649 0.398536 0.419018 0.440049 0.461591 0.483624 0.506158 0.52924 0.552958 0.577442 0.60286 0.629403 0.657274 0.686658 0.717676 0.750328 0.784412 0.819432 0.854547 0.888576 0.920117 0.947739 0.97018 0.986484 0.99605 0.998632 0.99434 0.983643 0.967375 0.946687 0.922918 0.897396 0.871252 0.845308 0.820061 0.795753 0.772446 0.750106 0.728662 0.708035 0.688158 0.668987 0.650496 0.632677 0.615535 0.599083 0.583341 0.568325 0.554052 0.540534 0.527772 0.515763
0.191053 0.202226 0.214026 0.226486 0.239634 0.253499 0.268103 0.283463 0.299588 0.316473 0.334103 0.352443 0.371445 0.391045 0.411168 0.431739 0.452697 0.474008 0.495682 0.517789 0.540467 0.563924 0.588432 0.614321 0.641958 0.671719 0.703938 0.738818 0.776307 0.815925 0.856623 0.896752 0.93425 0.966998 0.993186 1.01152 1.02125 1.02209 1.01419 0.998189 0.975261 0.94711 0.915767 0.883227 0.851092 0.820393 0.79162 0.764871 0.740018 0.716834 0.695077 0.674527 0.655008 0.636387 0.61857 0.601496 0.58513 0.569452 0.554456 0.540138 0.526502 0.513545 0.501264 0.489648
0.186624 0.19759 0.209189 0.221457 0.234428 0.248135 0.262604 0.277859 0.293909 0.310751 0.328364 0.346704 0.365702 0.385266 0.405283 0.425637 0.446221 0.466971 0.487886 0.509056 0.530676 0.553051 0.576591 0.601802 0.629267 0.659628 0.693528 0.73151 0.773825 0.82013 0.869157 0.91855 0.965152 1.00571 1.03761 1.05916 1.06945 1.06821 1.0556 1.03239 1.00015 0.961419 0.919346 0.877021 0.836754 0.799797 0.766507 0.736688 0.70989 0.685603 0.663353 0.64275 0.623484 0.605324 0.588104 0.571709 0.55606 0.541106 0.526815 0.513168 0.500151 0.487752 0.47596 0.46476
0.182295 0.193086 0.204525 0.216652 0.229509 0.243138 0.257574 0.272849 0.28898 0.305968 0.323792 0.342398 0.361695 0.381552 0.401804 0.422263 0.442752 0.463142 0.4834 0.503628 0.524087 0.545204 0.567564 0.591895 0.619054 0.650025 0.685878 0.727678 0.776231 0.831599 0.89239 0.955224 1.01511 1.06694 1.10691 1.13298 1.14428 1.14058 1.122 1.08926 1.04431 0.990818 0.933826 0.878241 0.827391 0.782648 0.743966 0.7106 0.681601 0.656067 0.633238 0.612516 0.593447 0.575696 0.559023 0.543257 0.52828 0.51401 0.500392 0.487389 0.474975 0.463127 0.451829 0.44106
0.17807 0.188719 0.200038 0.212078 0.22489 0.238527 0.253042 0.268478 0.28487 0.302231 0.320544 0.339753 0.359742 0.380333 0.401284 0.4223 0.443082 0.463386 0.483101 0.502324 0.521395 0.540903 0.561656 0.584655 0.611087 0.642336 0.680007 0.725872 0.78163 0.848213 0.924451 1.00561 1.08371 1.15058 1.20095 1.23268 1.24534 1.23889 1.21324 1.16869 1.10726 1.0341 0.957277 0.884689 0.821001 0.767351 0.722816 0.685765 0.654558 0.627809 0.604433 0.583611 0.564741 0.547387 0.531239 0.516074 0.501738 0.488122 0.475149 0.462768 0.45094 0.439636 0.428831 0.418503
0.17395 0.184489 0.19573 0.207735 0.220572 0.234311 0.249024 0.264779 0.281635 0.299632 0.318773 0.339005 0.360198 0.38212 0.40442 0.426646 0.448291 0.468904 0.488222 0.506301 0.523582 0.540878 0.5593 0.580188 0.605093 0.635823 0.674541 0.723827 0.786536 0.86501 0.958943 1.06215 1.16225 1.24664 1.30845 1.34614 1.36021 1.351 1.31803 1.26066 1.18029 1.08366 0.983255 0.891338 0.814005 0.751506 0.70149 0.661159 0.628084 0.600374 0.576623 0.555811 0.537203 0.520277 0.50466 0.490088 0.476376 0.463392 0.451044 0.439266 0.42801 0.417239 0.406926 0.397044
0.169928 0.180388 0.191592 0.203616 0.216547 0.23048 0.245516 0.261758 0.279305 0.29824 0.318607 0.340385 0.363442 0.387497 0.412065 0.436459 0.459837 0.481374 0.50051 0.517196 0.532021 0.546143 0.561113 0.578701 0.600841 0.629715 0.667932 0.71874 0.786051 0.873712 0.98271 1.10576 1.22575 1.32537 1.39652 1.43878 1.45381 1.44234 1.40348 1.33541 1.23842 1.12041 0.998574 0.889863 0.801435 0.732202 0.678265 0.635738 0.601524 0.573332 0.549518 0.52891 0.510683 0.49425 0.479195 0.465226 0.452134 0.439771 0.428031 0.41684 0.406143 0.395897 0.38607 0.376635
0.165997 0.176405 0.187607 0.199699 0.212791 0.227008 0.242491 0.259392 0.27787 0.298075 0.320127 0.344074 0.369828 0.397082 0.425212 0.453198 0.479665 0.503121 0.522427 0.537305 0.548592 0.558046 0.56791 0.580529 0.598224 0.623413 0.658885 0.708114 0.775404 0.865235 0.97922 1.10964 1.2372 1.34238 1.41664 1.46016 1.47513 1.46246 1.42106 1.34856 1.24461 1.11754 0.986694 0.871167 0.77849 0.706876 0.65172 0.608673 0.574367 0.546351 0.522886 0.502743 0.485054 0.469207 0.454765 0.441421 0.428954 0.417206 0.406065 0.395449 0.385297 0.375566 0.366219 0.357229
0.162142 0.17252 0.18375 0.195951 0.209262 0.223845 0.239892 0.257618 0.277265 0.299085 0.32332 0.350148 0.379603 0.411428 0.444892 0.478568 0.510255 0.537278 0.557362 0.569746 0.575743 0.578238 0.580641 0.586098 0.59729 0.616663 0.646812 0.690833 0.752452 0.835335 0.940309 1.05996 1.17709 1.27427 1.34339 1.38397 1.39761 1.38505 1.34536 1.27671 1.17937 1.06124 0.93948 0.831038 0.743054 0.674426 0.621239 0.57959 0.546364 0.519254 0.496595 0.477201 0.460228 0.445072 0.431304 0.418615 0.406784 0.39565 0.385099 0.375047 0.36543 0.356203 0.347329 0.338779
0.158343 0.168707 0.179989 0.19233 0.205904 0.220919 0.237625 0.256321 0.277355 0.30112 0.328036 0.358499 0.392779 0.430824 0.471929 0.514265 0.554455 0.58777 0.609692 0.618444 0.616324 0.608422 0.60015 0.595744 0.598156 0.609576 0.63201 0.667667 0.718981 0.787905 0.873803 0.970229 1.0646 1.14415 1.20189 1.23621 1.24753 1.23614 1.20152 1.14299 1.06194 0.96506 0.864815 0.773442 0.697009 0.635731 0.587227 0.548663 0.517578 0.492042 0.470616 0.452244 0.436156 0.421796 0.408762 0.39676 0.385577 0.375058 0.365091 0.355592 0.346499 0.337766 0.329356 0.321239
0.154577 0.164936 0.176281 0.18878 0.202644 0.218133 0.235566 0.255338 0.277927 0.303908 0.333941 0.36874 0.408965 0.454995 0.506437 0.561269 0.614665 0.658537 0.684063 0.687352 0.672766 0.649641 0.626664 0.609398 0.600799 0.602436 0.615398 0.640724 0.679381 0.731667 0.795893 0.866921 0.936455 0.996096 1.04038 1.06707 1.07561 1.0659 1.03778 0.991515 0.929061 0.855545 0.778986 0.707237 0.644923 0.593132 0.550893 0.516524 0.488333 0.464879 0.445022 0.42789 0.41283 0.399355 0.387106 0.375818 0.365294 0.355391 0.346001 0.337046 0.328465 0.320214 0.312257 0.304566
0.15082 0.161172 0.172579 0.185237 0.199396 0.21537 0.233555 0.254451 0.278689 0.307052 0.340498 0.380147 0.427212 0.482757 0.547103 0.618492 0.690679 0.750707 0.782299 0.777624 0.744922 0.70091 0.659049 0.626181 0.604787 0.595414 0.597992 0.612337 0.638136 0.674528 0.719394 0.768796 0.817328 0.859556 0.891467 0.910829 0.916665 0.908633 0.886779 0.851763 0.805477 0.751544 0.694936 0.640511 0.591537 0.549323 0.513758 0.484026 0.459108 0.438026 0.41995 0.404207 0.390273 0.377745 0.366318 0.355762 0.345903 0.336613 0.327792 0.319369 0.311288 0.303507 0.295991 0.288716
0.147044 0.157379 0.168833 0.181632 0.196065 0.212499 0.23141 0.253408 0.279282 0.310044 0.346977 0.391668 0.445982 0.511858 0.590645 0.681306 0.776436 0.857153 0.896908 0.882163 0.8268 0.757725 0.694229 0.644173 0.609127 0.588334 0.580475 0.584229 0.598284 0.621065 0.65036 0.683105 0.715617 0.744264 0.76614 0.779343 0.782838 0.776208 0.75954 0.733518 0.699657 0.660412 0.618875 0.578065 0.540217 0.506502 0.477195 0.452011 0.430409 0.411783 0.395571 0.381284 0.368525 0.356977 0.34639 0.336573 0.327378 0.318692 0.310431 0.302527 0.294932 0.287607 0.280521 0.27365
0.143222 0.153518 0.164991 0.177894 0.19255 0.209381 0.228935 0.251931 0.27931 0.312308 0.352531 0.40203 0.463328 0.539247 0.632183 0.741842 0.859692 0.960953 1.00883 0.984082 0.906225 0.81234 0.727519 0.660632 0.612341 0.580631 0.56303 0.557256 0.561256 0.573016 0.590335 0.610716 0.631475 0.650043 0.664286 0.672678 0.674288 0.668703 0.655975 0.636651 0.611827 0.583131 0.552513 0.521885 0.49276 0.46607 0.442204 0.421152 0.402672 0.386424 0.37205 0.359217 0.347636 0.337068 0.327319 0.318235 0.309694 0.301602 0.293885 0.286486 0.279362 0.272479 0.265808 0.259328
0.13933 0.149555 0.161005 0.173954 0.188758 0.205883 0.225942 0.249747 0.278376 0.313262 0.356294 0.409929 0.477247 0.561786 0.666704 0.792052 0.927978 1.04493 1.09873 1.06623 0.970795 0.856816 0.754077 0.672667 0.61278 0.571484 0.545417 0.531565 0.527349 0.530478 0.53878 0.550109 0.562363 0.57361 0.582231 0.587013 0.587167 0.582309 0.572437 0.557926 0.539522 0.518291 0.495478 0.472317 0.449831 0.428726 0.40938 0.391901 0.37622 0.362166 0.349527 0.338087 0.327648 0.318036 0.309106 0.300737 0.292833 0.285316 0.278126 0.271215 0.264545 0.258087 0.251817 0.245715
0.135345 0.14546 0.156833 0.169755 0.184606 0.201886 0.22226 0.246612 0.276125 0.312385 0.357498 0.414224 0.486041 0.576956 0.69053 0.826764 0.974545 1.10116 1.15829 1.12072 1.01381 0.886066 0.770348 0.677933 0.608973 0.560029 0.527163 0.506874 0.496239 0.492802 0.494426 0.499182 0.505323 0.511309 0.515859 0.517995 0.517055 0.512686 0.504835 0.493729 0.47985 0.463889 0.446647 0.42893 0.411435 0.39468 0.378988 0.364507 0.351251 0.339153 0.328099 0.317956 0.308595 0.299894 0.291747 0.284065 0.276773 0.26981 0.263126 0.256683 0.250449 0.2444 0.238514 0.232776
0.131251 0.141209 0.152441 0.165249 0.180027 0.197298 0.217756 0.242333 0.272278 0.30927 0.355553 0.414066 0.488517 0.583156 0.701696 0.843958 0.997979 1.12936 1.18782 1.14726 1.0339 0.898129 0.77445 0.674935 0.599848 0.545533 0.507749 0.482723 0.467349 0.459102 0.455887 0.455933 0.457719 0.459958 0.461597 0.461826 0.460082 0.456042 0.449612 0.440906 0.430222 0.417997 0.404749 0.39101 0.377253 0.363855 0.351075 0.339058 0.327858 0.317464 0.307823 0.29886 0.290494 0.282644 0.275236 0.268205 0.261495 0.255059 0.248858 0.242862 0.237045 0.231386 0.225868 0.220478
0.127038 0.136788 0.14781 0.160407 0.17498 0.192057 0.212344 0.236786 0.266655 0.303662 0.350093 0.408948 0.484006 0.579587 0.699435 0.843284 0.998872 1.13127 1.18965 1.14764 1.03168 0.89269 0.765662 0.662921 0.584774 0.527495 0.486741 0.458651 0.440077 0.428505 0.421917 0.418669 0.417405 0.417014 0.416603 0.415483 0.413169 0.409361 0.403937 0.396933 0.388519 0.378966 0.368606 0.357789 0.346838 0.336025 0.325548 0.315535 0.306054 0.29712 0.288718 0.28081 0.273348 0.266282 0.25956 0.253139 0.246976 0.241038 0.235295 0.229723 0.224302 0.219014 0.213848 0.20879
0.122702 0.132192 0.142931 0.155219 0.16945 0.186143 0.205993 0.229927 0.259195 0.295471 0.340994 0.398702 0.472295 0.566017 0.683573 0.824772 0.977637 1.10775 1.16481 1.12269 1.00757 0.869793 0.743821 0.641661 0.56352 0.505685 0.463874 0.434303 0.41391 0.400274 0.39149 0.386041 0.382711 0.380523 0.378704 0.376659 0.373961 0.370334 0.365638 0.359858 0.353076 0.345455 0.337205 0.328553 0.319721 0.310901 0.302243 0.293853 0.285796 0.278102 0.270773 0.263796 0.257146 0.250792 0.244702 0.238845 0.233194 0.227723 0.222411 0.217239 0.212192 0.207257 0.202423 0.197682
