MatLab_Code/Uz_2D.grd
DSAA
101 101
-2500 2500
-2500 2500
0.0183067 3.26961
[rows 0 to 27 of 101, columns 0 to 63 of 101]
0.0919561 0.0961717 0.100499 0.104936 0.109482 0.114135 0.118891 0.123747 0.128699 0.13374 0.138866 0.144069 0.149341 0.154674 0.160057 0.16548 0.170931 0.176397 0.181864 0.187318 0.192743 0.198123 0.203442 0.208682 0.213824 0.218852 0.223748 0.228492 0.233069 0.237461 0.241652 0.245626 0.249371 0.252873 0.256122 0.259108 0.261824 0.264266 0.26643 0.268315 0.269923 0.271258 0.272324 0.27313 0.273685 0.274 0.274087 0.273961 0.273635 0.273125 0.272445 0.271611 0.270636 0.269536 0.268321 0.267003 0.265591 0.264092 0.262512 0.260852 0.259113 0.257293 0.255388 0.253391
0.0962269 0.10067 0.105236 0.109923 0.114731 0.119656 0.124697 0.129849 0.135108 0.140469 0.145926 0.151471 0.157096 0.162792 0.168547 0.174352 0.180192 0.186054 0.191924 0.197784 0.203619 0.20941 0.21514 0.220788 0.226335 0.231761 0.237047 0.242171 0.247116 0.251861 0.256388 0.260682 0.264725 0.268504 0.272007 0.275223 0.278145 0.280766 0.283085 0.285099 0.286811 0.288225 0.289348 0.290189 0.290759 0.291071 0.29114 0.290981 0.290612 0.290051 0.289314 0.288419 0.287384 0.286224 0.284953 0.283584 0.282128 0.280592 0.278982 0.277301 0.275549 0.273721 0.271812 0.269814
0.100619 0.105302 0.110119 0.11507 0.120154 0.125368 0.13071 0.136176 0.141763 0.147464 0.153274 0.159185 0.165187 0.171272 0.177428 0.183643 0.189902 0.196192 0.202496 0.208797 0.215076 0.221313 0.227489 0.233581 0.239569 0.245429 0.25114 0.256679 0.262025 0.267155 0.272051 0.276692 0.281061 0.285142 0.288921 0.292387 0.295531 0.298347 0.300831 0.302983 0.304804 0.306301 0.307481 0.308356 0.308937 0.309241 0.309285 0.309087 0.308667 0.308047 0.307246 0.306285 0.305184 0.303962 0.302636 0.301219 0.299724 0.29816 0.296534 0.294847 0.293099 0.291284 0.289396 0.287422
0.105134 0.110068 0.11515 0.120378 0.125753 0.131272 0.136934 0.142734 0.148668 0.154732 0.160918 0.167219 0.173625 0.180127 0.186713 0.193369 0.200081 0.206832 0.213606 0.220383 0.227143 0.233865 0.240525 0.247101 0.253568 0.259902 0.266077 0.272069 0.277853 0.283405 0.288702 0.293723 0.298447 0.302857 0.306938 0.310676 0.31406 0.317086 0.319747 0.322045 0.323982 0.325564 0.326802 0.327706 0.328294 0.328584 0.328594 0.328348 0.327869 0.327181 0.326308 0.325275 0.324104 0.322818 0.321436 0.319975 0.318449 0.316869 0.315242 0.313569 0.311848 0.310074 0.308236 0.30632
0.109769 0.114967 0.120327 0.125848 0.13153 0.137371 0.143371 0.149524 0.155828 0.162277 0.168864 0.175582 0.182421 0.18937 0.196417 0.203547 0.210746 0.217996 0.225277 0.232569 0.239851 0.247098 0.254285 0.261387 0.268377 0.275227 0.281909 0.288396 0.294659 0.300672 0.306408 0.311844 0.316957 0.321726 0.326135 0.330168 0.333814 0.337065 0.339917 0.34237 0.344428 0.346098 0.347391 0.348323 0.348911 0.349177 0.349145 0.34884 0.348291 0.347525 0.346571 0.345457 0.344211 0.342859 0.341423 0.339923 0.338377 0.336795 0.335186 0.333552 0.331889 0.33019 0.328441 0.326623
0.114524 0.119999 0.12565 0.131479 0.137484 0.143666 0.150023 0.156551 0.163247 0.170106 0.17712 0.184283 0.191584 0.199011 0.206553 0.214194 0.221917 0.229703 0.237533 0.245383 0.25323 0.261047 0.268808 0.276483 0.284042 0.291455 0.298691 0.305718 0.312505 0.319022 0.325239 0.331129 0.336667 0.341828 0.346594 0.350948 0.354877 0.358372 0.361428 0.364046 0.36623 0.36799 0.369337 0.37029 0.370871 0.371104 0.371017 0.370641 0.370008 0.369152 0.368105 0.366903 0.365576 0.364155 0.362667 0.361136 0.359581 0.358017 0.356451 0.354887 0.353319 0.351738 0.350126 0.34846
0.119396 0.125161 0.131118 0.13727 0.143617 0.150157 0.156891 0.163816 0.170927 0.178221 0.185691 0.193327 0.201121 0.209062 0.217134 0.225322 0.23361 0.241975 0.250397 0.258851 0.267311 0.275747 0.284131 0.292429 0.30061 0.308638 0.316478 0.324096 0.331457 0.338525 0.345269 0.351656 0.357657 0.363248 0.368404 0.373107 0.377343 0.3811 0.384376 0.387168 0.389484 0.391333 0.392731 0.3937 0.394263 0.39445 0.394295 0.393832 0.3931 0.392139 0.390987 0.389684 0.388269 0.386777 0.385241 0.383687 0.38214 0.380616 0.379125 0.377669 0.376243 0.374833 0.373418 0.371969
0.124383 0.130451 0.136729 0.14322 0.149925 0.156843 0.163975 0.171319 0.178871 0.186627 0.194579 0.202721 0.211042 0.21953 0.228171 0.236948 0.245842 0.254832 0.263893 0.273 0.282124 0.291232 0.300293 0.309271 0.318128 0.326827 0.335329 0.343593 0.351581 0.359253 0.366573 0.373505 0.380015 0.386074 0.391656 0.396739 0.401307 0.405349 0.408858 0.411835 0.414287 0.416226 0.417671 0.418645 0.419179 0.419305 0.419064 0.418496 0.417647 0.416563 0.41529 0.413876 0.412364 0.410799 0.409217 0.407653 0.406133 0.404677 0.403298 0.401998 0.400771 0.399599 0.398456 0.397306
0.129481 0.135865 0.142479 0.149326 0.156406 0.163723 0.171274 0.179061 0.187078 0.195323 0.20379 0.212469 0.221352 0.230426 0.239675 0.249083 0.25863 0.268292 0.278043 0.287856 0.297699 0.307537 0.317334 0.32705 0.336646 0.346077 0.355301 0.364273 0.372947 0.381282 0.389233 0.396761 0.403827 0.410399 0.416446 0.421943 0.426872 0.43122 0.43498 0.438152 0.440745 0.442773 0.444257 0.445226 0.445714 0.445762 0.445414 0.444719 0.443731 0.442503 0.441091 0.43955 0.437933 0.43629 0.434668 0.433106 0.431637 0.430285 0.429065 0.427979 0.42702 0.426168 0.425389 0.42464
0.134685 0.1414 0.148365 0.155583 0.163058 0.170792 0.178786 0.187038 0.195548 0.204312 0.213323 0.222574 0.232055 0.241754 0.251655 0.261739 0.271986 0.282372 0.292868 0.303444 0.314065 0.324694 0.33529 0.345811 0.356211 0.366442 0.376455 0.386201 0.395628 0.404687 0.41333 0.421511 0.429188 0.43632 0.442875 0.448824 0.454144 0.458822 0.46285 0.466228 0.468965 0.471079 0.472595 0.473545 0.473969 0.473915 0.473436 0.472588 0.471435 0.470038 0.468465 0.466779 0.465045 0.463322 0.461664 0.460121 0.458731 0.457524 0.456518 0.455717 0.455112 0.454679 0.454379 0.454156
0.139991 0.147049 0.15438 0.161987 0.169875 0.178047 0.186505 0.195249 0.204278 0.213589 0.223178 0.233036 0.243154 0.253519 0.264115 0.274925 0.285924 0.297087 0.308385 0.319785 0.331248 0.342735 0.3542 0.365596 0.376872 0.387976 0.398852 0.409443 0.419694 0.429548 0.43895 0.447847 0.456192 0.463938 0.471048 0.477488 0.483234 0.488268 0.492581 0.496176 0.499061 0.501257 0.502792 0.503706 0.504045 0.503863 0.503222 0.502191 0.50084 0.499246 0.497485 0.495634 0.493768 0.491959 0.490272 0.488766 0.487489 0.486476 0.485751 0.48532 0.485173 0.485282 0.485598 0.486056
0.145392 0.152807 0.160518 0.168531 0.17685 0.185481 0.194426 0.203686 0.213263 0.223153 0.233352 0.243853 0.254648 0.265723 0.277062 0.288646 0.300451 0.31245 0.324612 0.3369 0.349274 0.361689 0.374097 0.386444 0.398676 0.410731 0.422549 0.434066 0.445219 0.455943 0.466177 0.475859 0.484936 0.493354 0.501071 0.508047 0.514254 0.519672 0.524291 0.528113 0.531148 0.533419 0.534961 0.535818 0.536043 0.535702 0.534866 0.533613 0.532028 0.530201 0.52822 0.526179 0.524164 0.522263 0.520553 0.519105 0.517978 0.517218 0.516853 0.516894 0.51733 0.518127 0.519231 0.520559
0.15088 0.158666 0.166772 0.175207 0.183976 0.193086 0.202541 0.212344 0.222496 0.232995 0.24384 0.255022 0.266534 0.278364 0.290494 0.302906 0.315574 0.32847 0.34156 0.354805 0.368162 0.381583 0.395013 0.408394 0.421665 0.434758 0.447605 0.460134 0.472274 0.483951 0.495096 0.50564 0.515519 0.524673 0.533053 0.540613 0.547321 0.553153 0.558099 0.562157 0.565343 0.567682 0.569213 0.569987 0.570068 0.56953 0.568456 0.566938 0.565076 0.562974 0.560737 0.558473 0.556288 0.554285 0.552558 0.551192 0.55026 0.54982 0.549908 0.550541 0.551708 0.553373 0.555469 0.5579
0.156446 0.164616 0.173133 0.182006 0.191244 0.200854 0.210842 0.221212 0.231968 0.243109 0.254633 0.266535 0.278807 0.291437 0.30441 0.317704 0.331294 0.34515 0.359237 0.373513 0.387931 0.402438 0.416976 0.431479 0.445879 0.460103 0.474072 0.487708 0.500927 0.513649 0.525793 0.53728 0.548037 0.557998 0.567102 0.575299 0.582551 0.58883 0.594123 0.598429 0.601765 0.60416 0.605659 0.606321 0.606219 0.60544 0.60408 0.602247 0.600056 0.597628 0.59509 0.592567 0.590186 0.588068 0.586327 0.585069 0.584382 0.584338 0.584988 0.586354 0.588429 0.591175 0.594513 0.598328
0.162082 0.170647 0.179588 0.188916 0.198641 0.208771 0.219315 0.230279 0.241667 0.253481 0.26572 0.278381 0.291457 0.304935 0.318802 0.333035 0.347609 0.362493 0.377648 0.393032 0.408592 0.424272 0.440007 0.455727 0.471354 0.486808 0.502001 0.516844 0.531244 0.545109 0.558346 0.570866 0.582586 0.593429 0.603325 0.612216 0.620058 0.626818 0.632481 0.637046 0.640529 0.642966 0.644408 0.644923 0.644595 0.643523 0.64182 0.639611 0.637031 0.63422 0.631327 0.6285 0.625888 0.623638 0.621886 0.620761 0.620372 0.620812 0.622146 0.62441 0.627602 0.631682 0.63656 0.642103
0.167774 0.176748 0.186127 0.195925 0.206154 0.216825 0.227947 0.23953 0.251578 0.264097 0.277088 0.290547 0.304469 0.318844 0.333658 0.348888 0.36451 0.380491 0.39679 0.413361 0.43015 0.447093 0.464122 0.481159 0.498118 0.514909 0.531434 0.547594 0.563283 0.578396 0.592829 0.606481 0.619255 0.631062 0.641823 0.651471 0.659953 0.667231 0.673287 0.67812 0.681748 0.68421 0.685565 0.685891 0.685284 0.683861 0.681749 0.679095 0.676054 0.672792 0.66948 0.666294 0.663411 0.661004 0.659239 0.658271 0.658238 0.659257 0.661415 0.664765 0.669316 0.675028 0.681804 0.689487
0.173512 0.182905 0.192735 0.203018 0.213768 0.224998 0.236721 0.248947 0.261684 0.274939 0.288716 0.303012 0.317826 0.333147 0.348961 0.365249 0.381984 0.399132 0.416652 0.434495 0.452601 0.470904 0.489328 0.507787 0.526188 0.54443 0.562404 0.579997 0.597092 0.613569 0.62931 0.644198 0.658124 0.670986 0.682691 0.693162 0.702337 0.710174 0.716648 0.721758 0.725524 0.72799 0.729223 0.729312 0.728369 0.726524 0.723929 0.720749 0.717166 0.713371 0.709566 0.705956 0.70275 0.700153 0.698366 0.697577 0.697958 0.699658 0.702794 0.707442 0.713629 0.721322 0.730418 0.740736
0.179282 0.189104 0.199397 0.210178 0.221465 0.233273 0.245617 0.258509 0.271963 0.285985 0.300582 0.315755 0.331503 0.347818 0.364688 0.382093 0.400008 0.418397 0.437217 0.456417 0.475934 0.495696 0.51562 0.535613 0.555572 0.575385 0.594931 0.614083 0.632708 0.650672 0.667839 0.684079 0.699263 0.713275 0.726009 0.737375 0.747302 0.755739 0.762656 0.768052 0.771948 0.774394 0.775465 0.775263 0.773914 0.771571 0.768405 0.764607 0.760387 0.755967 0.751581 0.747468 0.743875 0.741044 0.739216 0.738621 0.739473 0.741959 0.746237 0.752418 0.760555 0.77063 0.782539 0.796081
0.185067 0.195328 0.206094 0.217387 0.229225 0.241628 0.254612 0.268195 0.282389 0.297208 0.312659 0.328747 0.345472 0.36283 0.380809 0.399392 0.418552 0.438255 0.458456 0.479102 0.500125 0.521448 0.542982 0.564625 0.586264 0.607775 0.629022 0.649864 0.670152 0.689734 0.708455 0.726166 0.742722 0.757988 0.771842 0.784181 0.794921 0.804002 0.811389 0.817079 0.821095 0.823491 0.824354 0.823798 0.821969 0.819038 0.815202 0.810683 0.805718 0.800566 0.795495 0.790787 0.786727 0.783604 0.781704 0.781308 0.782677 0.786055 0.791646 0.79961 0.810042 0.822952 0.838244 0.8557
0.190852 0.201559 0.212809 0.224624 0.237027 0.250039 0.263682 0.277975 0.292936 0.308578 0.324915 0.341954 0.359698 0.378145 0.397286 0.417106 0.437578 0.458668 0.480332 0.502511 0.525137 0.548127 0.571383 0.594796 0.618241 0.64158 0.664665 0.687336 0.709426 0.730763 0.751173 0.770484 0.788532 0.805161 0.820233 0.833626 0.845243 0.855015 0.8629 0.868891 0.873012 0.875327 0.875929 0.87495 0.872554 0.868937 0.864323 0.858963 0.853132 0.847125 0.841251 0.835837 0.831214 0.827723 0.825704 0.825493 0.827415 0.831777 0.83885 0.848858 0.861954 0.878196 0.897514 0.919684
0.196619 0.207779 0.21952 0.231867 0.244846 0.258481 0.272799 0.287821 0.303569 0.320061 0.337313 0.355337 0.374139 0.39372 0.414074 0.435187 0.457036 0.479586 0.502792 0.526595 0.550921 0.575682 0.600774 0.626079 0.651458 0.676762 0.701824 0.726468 0.750505 0.773741 0.79598 0.817027 0.836694 0.854803 0.871193 0.885726 0.898289 0.9088 0.91721 0.923507 0.92772 0.929914 0.930199 0.92872 0.925663 0.92125 0.915735 0.909405 0.902571 0.89557 0.888758 0.882509 0.877207 0.873251 0.871041 0.870981 0.873469 0.878889 0.887596 0.899899 0.916037 0.93614 0.96019 0.987976
0.202349 0.213967 0.226204 0.23909 0.252654 0.266925 0.28193 0.297698 0.314252 0.331617 0.349811 0.368851 0.388747 0.409504 0.431119 0.453581 0.476868 0.500947 0.525773 0.551285 0.577407 0.604045 0.631088 0.658406 0.685851 0.713256 0.740439 0.767202 0.793335 0.81862 0.842834 0.865757 0.887173 0.906882 0.924697 0.940459 0.954039 0.965338 0.974301 0.98091 0.985195 0.987229 0.987132 0.985069 0.981248 0.975919 0.969371 0.961926 0.953939 0.94579 0.937887 0.930654 0.924537 0.919993 0.917495 0.917521 0.920553 0.92707 0.937529 0.952353 0.971892 0.996387 1.02591 1.0603
0.208021 0.2201 0.232838 0.246269 0.260424 0.275338 0.291043 0.307569 0.324946 0.343202 0.362362 0.382445 0.403467 0.425438 0.448357 0.472218 0.497001 0.522676 0.549197 0.576501 0.604511 0.633128 0.662233 0.691685 0.721325 0.75097 0.780417 0.809448 0.837828 0.865312 0.89165 0.916592 0.939894 0.961324 0.980673 0.997757 1.01242 1.02456 1.03411 1.04103 1.04537 1.04719 1.04665 1.04391 1.03922 1.03284 1.02512 1.0164 1.0071 0.997633 0.988466 0.980082 0.972987 0.967708 0.964791 0.9648 0.968312 0.975913 0.988188 1.0057 1.02894 1.05831 1.09404 1.13604
0.213615 0.226155 0.239395 0.253373 0.268125 0.283688 0.300098 0.317393 0.335605 0.354768 0.374912 0.396062 0.418238 0.441454 0.465717 0.491022 0.517354 0.544684 0.572968 0.602143 0.632128 0.662821 0.694095 0.725799 0.75776 0.789778 0.821631 0.853077 0.883854 0.913688 0.942299 0.969404 0.994726 1.018 1.039 1.05749 1.07332 1.08635 1.0965 1.10374 1.1081 1.10968 1.10861 1.1051 1.09942 1.09186 1.08281 1.07266 1.06186 1.0509 1.04028 1.03056 1.0223 1.01611 1.01261 1.01245 1.01632 1.02492 1.03899 1.05925 1.0864 1.12103 1.16357 1.21414
0.219107 0.232107 0.245849 0.260374 0.275723 0.291937 0.309058 0.327126 0.346182 0.366263 0.387405 0.409638 0.43299 0.457479 0.483117 0.509904 0.537829 0.566868 0.596976 0.628092 0.660133 0.692991 0.726533 0.760599 0.795 0.829519 0.863914 0.897916 0.931236 0.963568 0.994597 1.02401 1.05148 1.07673 1.09947 1.11947 1.13653 1.1505 1.16128 1.16884 1.17321 1.17448 1.17281 1.16843 1.16164 1.15276 1.14222 1.13047 1.11799 1.10533 1.09307 1.0818 1.07217 1.06486 1.06057 1.06004 1.06408 1.07353 1.08926 1.1122 1.14326 1.18333 1.2331 1.29295
0.224475 0.23793 0.25217 0.267239 0.283183 0.300047 0.317878 0.336722 0.356625 0.377629 0.399777 0.423106 0.447648 0.473429 0.500465 0.528765 0.55832 0.58911 0.621094 0.654211 0.688376 0.723478 0.759378 0.795904 0.832855 0.869994 0.907057 0.943748 0.979747 1.01472 1.0483 1.08015 1.10991 1.13724 1.16184 1.18343 1.20179 1.21674 1.22817 1.23605 1.24039 1.2413 1.23896 1.23362 1.22559 1.21526 1.20307 1.18953 1.17519 1.16064 1.14651 1.13348 1.12226 1.11359 1.10826 1.10712 1.11107 1.12108 1.13821 1.16357 1.19835 1.24371 1.30072 1.37013
0.229695 0.243598 0.25833 0.273937 0.29047 0.307979 0.326516 0.346132 0.366878 0.388806 0.411961 0.436389 0.462129 0.489212 0.517663 0.547495 0.578706 0.611279 0.645178 0.680343 0.716689 0.754101 0.792433 0.831505 0.871098 0.910961 0.950802 0.990301 1.0291 1.06683 1.1031 1.13751 1.16967 1.19919 1.22574 1.249 1.26872 1.2847 1.29681 1.30499 1.30928 1.30979 1.3067 1.30029 1.2909 1.27897 1.26498 1.24949 1.23309 1.21645 1.20025 1.18523 1.17217 1.16188 1.15524 1.15318 1.1567 1.16691 1.18502 1.21234 1.25031 1.30043 1.36416 1.44267
0.234741 0.249085 0.264298 0.280434 0.297546 0.31569 0.334923 0.355302 0.376885 0.399728 0.423886 0.449409 0.476345 0.504732 0.534602 0.565975 0.598854 0.63323 0.669069 0.706314 0.74488 0.78465 0.825472 0.867154 0.909466 0.952136 0.994849 1.03725 1.07896 1.11957 1.15862 1.1957 1.23036 1.26217 1.29075 1.31575 1.33688 1.35392 1.36672 1.37521 1.37942 1.37946 1.37555 1.36798 1.35713 1.34347 1.32753 1.30991 1.29128 1.27235 1.25386 1.23663 1.22148 1.20931 1.20105 1.19772 1.20042 1.21035 1.22886 1.25746 1.2978 1.35168 1.42093 1.50717
